 run Ekin Epot Etot 
           1   27.289272781105385       -55625.503973234445       -55598.214700453340     
           2   24207.187732712264       -57159.591635301826       -32952.403902589562     
           3   25588.572458086193       -58551.067718260238       -32962.495260174044     
           4   26696.138954983944       -59672.503440030276       -32976.364485046332     
           5   27360.671291847677       -60354.047056994779       -32993.375765147102     
           6   27394.326674908691       -60403.454243117041       -33009.127568208351     
           7   26658.570333748572       -59673.809318996282       -33015.238985247706     
           8   25197.259515878002       -58201.484929797822       -33004.225413919819     
           9   23377.842935036933       -56343.448519009522       -32965.605583972589     
          10   21842.268958267054       -54772.003821959661       -32929.734863692604     
          11   21130.922548173086       -54061.693369118693       -32930.770820945603     
          12   21292.138116393129       -54257.357404271541       -32965.219287878412     
          13   21922.602596410703       -54919.445217722860       -32996.842621312157     
          14   22531.747096843417       -55548.005197028273       -33016.258100184859     
          15   22791.556888182848       -55815.966175329973       -33024.409287147122     
          16   22566.155130457570       -55589.556842586106       -33023.401712128536     
          17   21886.406993551969       -54903.177206566768       -33016.770213014795     
          18   20860.913786109559       -53882.091031667384       -33021.177245557825     
          19   19442.824594739759       -52495.965314264453       -33053.140719524694     
          20   17285.544185240586       -50373.182248683428       -33087.638063442842     
          21   14179.925461044930       -47231.130706846758       -33051.205245801830     
          22   11038.789417770480       -43942.161386371001       -32903.371968600521     
          23   9860.9017596522572       -42718.682433774185       -32857.780674121925     
          24   11119.854274718118       -44134.842429318473       -33014.988154600353     
          25   12898.411090079073       -45996.629947482761       -33098.218857403685     
          26   13796.501446740527       -46852.427146943912       -33055.925700203385     
          27   14154.206051967534       -47133.942367081880       -32979.736315114344     
          28   14890.460957576097       -47857.269824317460       -32966.808866741361     
          29   16170.623270619661       -49188.954571819784       -33018.331301200124     
          30   17327.994554591023       -50382.930408241256       -33054.935853650233     
          31   17793.785432192399       -50840.171392224656       -33046.385960032261     
          32   17618.706299572619       -50623.589275493170       -33004.882975920555     
          33   17381.559086517544       -50329.625411896865       -32948.066325379317     
          34   17796.978233883663       -50724.400120778024       -32927.421886894357     
          35   19087.391980739863       -52048.526698538808       -32961.134717798945     
          36   20756.549472159491       -53756.164275848350       -32999.614803688863     
          37   22127.080923339843       -55138.727598248239       -33011.646674908392     
          38   22863.581726274591       -55865.076427814427       -33001.494701539836     
          39   22985.050699610238       -55969.129471876426       -32984.078772266192     
          40   22674.384694087599       -55640.248378565862       -32965.863684478260     
          41   22141.717439545220       -55095.020373816216       -32953.302934270992     
          42   21546.344466516937       -54491.984646654557       -32945.640180137620     
          43   20964.161507783610       -53908.477138474642       -32944.315630691031     
          44   20394.228317819412       -53339.820275904269       -32945.591958084857     
          45   19797.809683655927       -52743.524556350269       -32945.714872694341     
          46   19141.441045017160       -52085.268063666328       -32943.827018649172     
          47   18412.946549648117       -51354.986089886035       -32942.039540237922     
          48   17623.524547685054       -50560.903059830584       -32937.378512145529     
          49   16796.778913211816       -49731.776508304647       -32934.997595092835     
          50   15959.478331904666       -48892.054117675347       -32932.575785770678     
          51   15136.964334141325       -48067.907584442713       -32930.943250301389     
          52   14348.636830009171       -47278.413581288689       -32929.776751279518     
          53   13610.661569809896       -46538.140166398261       -32927.478596588364     
          54   12933.400754496461       -45858.317276159083       -32924.916521662621     
          55   12319.103895954999       -45243.519664912201       -32924.415768957202     
          56   11764.108126524825       -44688.403528111623       -32924.295401586802     
          57   11262.371261794062       -44187.110679490586       -32924.739417696524     
          58   10807.258679686502       -43732.405045663378       -32925.146365976878     
          59   10393.665038875375       -43318.674013455151       -32925.008974579774     
          60   10017.481183802640       -42942.735702342325       -32925.254518539688     
          61   9675.5410278915788       -42600.428664543178       -32924.887636651598     
          62   9363.7998541241141       -42289.400930772026       -32925.601076647916     
          63   9073.3520885460039       -42000.321896544236       -32926.969807998234     
          64   8787.9399558452133       -41716.372748355199       -32928.432792509986     
          65   8481.9024020037941       -41413.008680406994       -32931.106278403196     
          66   8125.8422391002359       -41059.155912647751       -32933.313673547513     
          67   7702.9597332652293       -40636.229359216049       -32933.269625950823     
          68   7234.1605902452466       -40163.119760293863       -32928.959170048620     
          69   6798.4534621097637       -39719.602200313260       -32921.148738203497     
          70   6521.2506026063147       -39434.764130313866       -32913.513527707553     
          71   6513.7182860495750       -39425.301426837097       -32911.583140787523     
          72   6792.7063256440097       -39710.530060217876       -32917.823734573867     
          73   7265.3348004146310       -40191.963623251111       -32926.628822836479     
          74   7796.6796550765821       -40729.059617453626       -32932.379962377046     
          75   8282.4208166203189       -41216.700736502658       -32934.279919882341     
          76   8673.9243549085895       -41607.555976932672       -32933.631622024084     
          77   8964.2374751680309       -41897.071411302742       -32932.833936134710     
          78   9162.5460200355246       -42095.381157314041       -32932.835137278518     
          79   9274.8696764734159       -42208.125340621547       -32933.255664148135     
          80   9295.6792727134816       -42230.512570177059       -32934.833297463578     
          81   9208.6178218675705       -42145.618708422735       -32937.000886555164     
          82   8995.5588571136414       -41933.879451284716       -32938.320594171077     
          83   8658.3788242538012       -41595.719907459847       -32937.341083206047     
          84   8247.3279461480579       -41178.701251679086       -32931.373305531029     
          85   7867.1619240825567       -40791.033072452919       -32923.871148370366     
          86   7634.2570307274291       -40555.247199181962       -32920.990168454533     
          87   7597.6524874435672       -40522.515441764008       -32924.862954320444     
          88   7712.7500055230867       -40643.017097846234       -32930.267092323149     
          89   7906.3556116978461       -40838.032250097349       -32931.676638399505     
          90   8148.9404269427214       -41077.813401732223       -32928.872974789498     
          91   8466.2711140961601       -41391.646152680602       -32925.375038584440     
          92   8898.8943433391032       -41822.661995599854       -32923.767652260751     
          93   9459.9850236886650       -42385.391151118201       -32925.406127429538     
          94   10121.449269885621       -43051.325096674955       -32929.875826789335     
          95   10818.564861984558       -43753.451048259507       -32934.886186274947     
          96   11471.591178523891       -44410.951537112363       -32939.360358588470     
          97   12010.485562939837       -44952.977858914528       -32942.492295974691     
          98   12386.350092742568       -45330.319256102841       -32943.969163360271     
          99   12577.402724223943       -45521.072182690994       -32943.669458467048     
         100   12591.278119634559       -45532.823863124300       -32941.545743489740     
         101   12466.895087890973       -45406.202302392412       -32939.307214501438     
         102   12266.411660215079       -45201.262298813344       -32934.850638598262     
         103   12058.673303601743       -44990.537038982729       -32931.863735380990     
         104   11898.194505355628       -44833.178342325504       -32934.983836969877     
         105   11789.987454528991       -44730.081835089477       -32940.094380560484     
         106   11682.684517484246       -44630.513030748683       -32947.828513264438     
         107   11522.010883565628       -44470.298753508330       -32948.287869942702     
         108   11364.871629786161       -44299.328460418634       -32934.456830632473     
         109   11433.692395425211       -44354.954030543035       -32921.261635117822     
         110   11907.363749500777       -44837.970385405271       -32930.606635904493     
         111   12665.233250103587       -45619.379132282571       -32954.145882178986     
         112   13393.583901881697       -46360.128071284431       -32966.544169402732     
         113   13855.941003339143       -46827.229179581947       -32971.288176242801     
         114   13945.394085080874       -46921.269142088327       -32975.875057007455     
         115   13593.048007862717       -46575.173556962967       -32982.125549100252     
         116   12748.945796714745       -45731.956129907230       -32983.010333192484     
         117   11477.724572551269       -44450.751345525554       -32973.026772974285     
         118   10002.989923479539       -42967.584232544577       -32964.594309065040     
         119   8537.7631671831896       -41504.021303235946       -32966.258136052755     
         120   7261.6421807447259       -40202.164155358427       -32940.521974613701     
         121   6665.3755578550117       -39554.984466823276       -32889.608908968265     
         122   7359.4871574632571       -40256.310135175721       -32896.822977712465     
         123   9199.6041974296440       -42160.531280955249       -32960.927083525603     
         124   11291.540824954127       -44292.504306535331       -33000.963481581202     
         125   12911.228066783229       -45909.210655610768       -32997.982588827537     
         126   13891.850725012735       -46871.076095805583       -32979.225370792847     
         127   14391.466600256013       -47351.748130568318       -32960.281530312306     
         128   14619.675229119943       -47569.174636960452       -32949.499407840507     
         129   14708.928931839930       -47655.523572384933       -32946.594640545001     
         130   14693.129337639788       -47640.858396140138       -32947.729058500350     
         131   14536.457162345059       -47485.588030416366       -32949.130868071305     
         132   14176.443564221094       -47128.632764546019       -32952.189200324923     
         133   13570.366734048192       -46522.218997068179       -32951.852263019988     
         134   12736.191334024781       -45681.782495874926       -32945.591161850141     
         135   11784.127984094504       -44715.609142928319       -32931.481158833813     
         136   10913.386891949902       -43830.169467363448       -32916.782575413548     
         137   10328.320187902687       -43239.480956850472       -32911.160768947782     
         138   10103.003535402162       -43022.227617915974       -32919.224082513814     
         139   10124.850602481276       -43057.395564724706       -32932.544962243432     
         140   10194.122044445536       -43135.302923346913       -32941.180878901374     
         141   10162.168467708458       -43103.772274566400       -32941.603806857944     
         142   9983.5822241545229       -42920.945912612719       -32937.363688458194     
         143   9694.7928394622359       -42625.702385142860       -32930.909545680624     
         144   9373.1142937758832       -42297.506897830324       -32924.392604054439     
         145   9099.1756429402922       -42018.074844509574       -32918.899201569278     
         146   8931.0696123062371       -41846.328623213281       -32915.259010907044     
         147   8888.2016071892704       -41804.550460948711       -32916.348853759438     
         148   8951.1843480048556       -41870.529869037702       -32919.345521032847     
         149   9075.5406806399624       -41998.436728546309       -32922.896047906346     
         150   9208.3525413707703       -42134.180228150399       -32925.827686779630     
         151   9305.1047706733007       -42232.419394151453       -32927.314623478152     
         152   9337.4497489487367       -42265.310962490505       -32927.861213541764     
         153   9293.9250522912771       -42220.564227083531       -32926.639174792253     
         154   9175.0280228947813       -42101.485032985962       -32926.457010091181     
         155   8984.1074714539482       -41909.805778477785       -32925.698307023835     
         156   8719.4498540374352       -41646.164233379175       -32926.714379341742     
         157   8372.8844691409595       -41301.033883314616       -32928.149414173655     
         158   7936.9290540133024       -40865.683287451895       -32928.754233438594     
         159   7421.8630233350723       -40348.504230069942       -32926.641206734872     
         160   6878.2316827176455       -39799.280234333230       -32921.048551615582     
         161   6399.4309376371812       -39314.209469323214       -32914.778531686032     
         162   6075.8242834781950       -38988.787323855948       -32912.963040377756     
         163   5928.2820799271949       -38845.872134625592       -32917.590054698398     
         164   5896.4074634824274       -38819.872685595437       -32923.465222113009     
         165   5896.6528909923663       -38822.795974814268       -32926.143083821902     
         166   5883.9791946697351       -38808.865626383820       -32924.886431714083     
         167   5868.8363680688162       -38789.955135051838       -32921.118766983025     
         168   5899.5389811773111       -38816.400819344257       -32916.861838166944     
         169   6032.1752330622594       -38945.708312058880       -32913.533078996617     
         170   6298.7760318903092       -39212.595861938011       -32913.819830047702     
         171   6689.6569953174103       -39606.173303938907       -32916.516308621496     
         172   7160.5078471545812       -40080.445983994439       -32919.938136839861     
         173   7655.2004391699274       -40578.367868057518       -32923.167428887587     
         174   8123.2765757184343       -41048.524806181442       -32925.248230463010     
         175   8525.1776745736024       -41452.187383283272       -32927.009708709666     
         176   8830.7634323026632       -41760.534863008339       -32929.771430705674     
         177   9012.7112990954047       -41944.760648097203       -32932.049349001798     
         178   9045.0245270963242       -41978.895448841926       -32933.870921745605     
         179   8913.2325016395989       -41847.496495712308       -32934.263994072709     
         180   8630.7889183726365       -41562.908718075727       -32932.119799703090     
         181   8251.2363211038228       -41180.389327335470       -32929.153006231645     
         182   7857.1726687308646       -40782.374148973497       -32925.201480242635     
         183   7526.6780922084899       -40449.963117283478       -32923.285025074991     
         184   7306.6292036788718       -40229.734844521059       -32923.105640842186     
         185   7216.5642252910093       -40139.854839450840       -32923.290614159829     
         186   7257.0555597157199       -40182.240214721583       -32925.184655005862     
         187   7399.1478992757293       -40327.780942230369       -32928.633042954636     
         188   7592.0426190409262       -40522.536735272923       -32930.494116231996     
         189   7802.8613553848336       -40732.331394636574       -32929.470039251741     
         190   8040.6636600124675       -40966.583524419482       -32925.919864407013     
         191   8340.9294630011300       -41263.949260511457       -32923.019797510329     
         192   8734.0317800556531       -41655.576160081604       -32921.544380025953     
         193   9218.8612599409425       -42141.361978004163       -32922.500718063224     
         194   9762.4434494486959       -42687.219369913240       -32924.775920464541     
         195   10320.424066269379       -43247.033576308779       -32926.609510039401     
         196   10853.520710240962       -43781.162382498762       -32927.641672257800     
         197   11333.890408827438       -44262.086989056013       -32928.196580228578     
         198   11743.272173474586       -44672.789054981375       -32929.516881506788     
         199   12065.776086145343       -44996.189185531228       -32930.413099385885     
         200   12283.695761886011       -45215.759915523464       -32932.064153637453     
         201   12375.072155915504       -45309.449090922186       -32934.376935006680     
         202   12310.861728927168       -45248.554187984759       -32937.692459057595     
         203   12053.544368651465       -44995.581654878719       -32942.037286227256     
         204   11557.427840089911       -44504.631268286772       -32947.203428196859     
         205   10780.536364453335       -43732.187814500925       -32951.651450047590     
         206   9712.5084830347569       -42664.346628929758       -32951.838145895003     
         207   8435.0625516727796       -41375.543663875898       -32940.481112203117     
         208   7219.8943469024680       -40130.195022881206       -32910.300675978739     
         209   6563.7958079664268       -39443.186224861456       -32879.390416895032     
         210   6910.4168661084241       -39794.234269335153       -32883.817403226727     
         211   8203.2279734404092       -41123.823500748695       -32920.595527308287     
         212   9930.7384505885802       -42882.534767690959       -32951.796317102380     
         213   11575.618041362432       -44542.576251836486       -32966.958210474055     
         214   12827.042951927189       -45802.095205840356       -32975.052253913163     
         215   13520.112921046632       -46502.079537472106       -32981.966616425474     
         216   13573.283188774270       -46555.606978386364       -32982.323789612092     
         217   13058.238552692226       -46022.933889039174       -32964.695336346951     
         218   12333.378258478249       -45260.597023279304       -32927.218764801059     
         219   11939.924383172251       -44852.541223146363       -32912.616839974115     
         220   12072.313487459665       -45028.053200365321       -32955.739712905655     
         221   12237.435722951910       -45251.670088186445       -33014.234365234537     
         222   11732.845598085114       -44765.129198602233       -33032.283600517119     
         223   10530.274188821320       -43489.681513091869       -32959.407324270549     
         224   9742.8485138557426       -42616.591840404988       -32873.743326549244     
         225   10351.086163219785       -43291.114409411370       -32940.028246191585     
         226   11685.952195987544       -44687.993348143696       -33002.041152156155     
         227   12750.800820426219       -45738.575343125194       -32987.774522698979     
         228   13397.585867187259       -46364.583484123345       -32966.997616936089     
         229   13759.853050243621       -46733.571728494069       -32973.718678250450     
         230   13767.351873922591       -46753.445082385479       -32986.093208462888     
         231   13380.760633290463       -46341.591931563737       -32960.831298273275     
         232   13046.659396678459       -45956.942441226231       -32910.283044547774     
         233   13391.583640153578       -46311.410222386636       -32919.826582233058     
         234   14294.186602479531       -47268.081818965737       -32973.895216486206     
         235   15026.063320759578       -48019.800595730769       -32993.737274971194     
         236   15159.020816529162       -48139.864425322354       -32980.843608793191     
         237   14751.693652917198       -47712.218592346282       -32960.524939429088     
         238   14051.011925088767       -46995.184317894571       -32944.172392805805     
         239   13292.951496578436       -46225.741987934387       -32932.790491355947     
         240   12648.034577797973       -45575.047406347177       -32927.012828549203     
         241   12218.852079398795       -45142.965289056658       -32924.113209657866     
         242   12042.132414308990       -44967.851363176385       -32925.718948867398     
         243   12094.956806394293       -45025.115136379121       -32930.158329984828     
         244   12304.521085844997       -45242.804365804572       -32938.283279959578     
         245   12548.110547866971       -45497.758563329538       -32949.648015462568     
         246   12668.610373790158       -45628.972383467182       -32960.362009677025     
         247   12535.770147214564       -45498.604988578452       -32962.834841363889     
         248   12150.163267423466       -45101.001711144869       -32950.838443721404     
         249   11711.142275811017       -44640.127794243061       -32928.985518432048     
         250   11530.511165746813       -44444.778539463528       -32914.267373716713     
         251   11793.125000070242       -44714.368571125080       -32921.243571054838     
         252   12385.681282375564       -45327.764840528485       -32942.083558152925     
         253   12989.727638177772       -45947.755902087651       -32958.028263909880     
         254   13326.300137738672       -46286.478822732526       -32960.178684993851     
         255   13297.798606137800       -46250.274737795677       -32952.476131657881     
         256   12959.956957112850       -45902.110276890860       -32942.153319778008     
         257   12428.404849806455       -45362.217415964529       -32933.812566158071     
         258   11809.119799365903       -44737.539019710399       -32928.419220344498     
         259   11170.527906103862       -44096.621827637879       -32926.093921534019     
         260   10549.614490346448       -43472.776728689489       -32923.162238343037     
         261   9965.4489080928342       -42887.674888701506       -32922.225980608673     
         262   9436.6225081282391       -42356.870410256124       -32920.247902127885     
         263   8996.0486274566756       -41913.732592002569       -32917.683964545897     
         264   8677.8911477547626       -41596.342011493849       -32918.450863739083     
         265   8478.9897005424427       -41401.127133437076       -32922.137432894633     
         266   8341.4561120679555       -41268.436970643641       -32926.980858575684     
         267   8191.4129190380909       -41120.677310365594       -32929.264391327502     
         268   7987.2214870591870       -40915.835980152675       -32928.614493093490     
         269   7730.9160287677159       -40657.345494474932       -32926.429465707217     
         270   7453.1310085154855       -40376.919234892208       -32923.788226376724     
         271   7197.1946908689652       -40118.280619820478       -32921.085928951514     
         272   7010.1422944448168       -39928.374335624518       -32918.232041179697     
         273   6930.8872294849170       -39848.690419583734       -32917.803190098814     
         274   6969.1456439237381       -39889.347006406300       -32920.201362482563     
         275   7085.1412554224426       -40011.470229372819       -32926.328973950374     
         276   7195.8963082656555       -40128.530177228255       -32932.633868962599     
         277   7217.3144145748265       -40153.543449786077       -32936.229035211247     
         278   7112.6563209322958       -40045.673240447082       -32933.016919514790     
         279   6918.0537880037946       -39844.124733815966       -32926.070945812171     
         280   6732.8661935295913       -39650.693420786120       -32917.827227256530     
         281   6674.3004508588110       -39586.860277802720       -32912.559826943907     
         282   6816.1054008730389       -39729.025522874370       -32912.920122001335     
         283   7151.5866269313974       -40069.750734860034       -32918.164107928635     
         284   7604.2038131156633       -40529.771305754759       -32925.567492639093     
         285   8068.7222525962288       -41000.730023053431       -32932.007770457203     
         286   8453.6253747397841       -41388.736085732722       -32935.110710992936     
         287   8704.6866020807010       -41641.053982571219       -32936.367380490519     
         288   8804.4719449352160       -41742.270509320711       -32937.798564385492     
         289   8757.2935073139452       -41694.531135958736       -32937.237628644791     
         290   8581.9065476060005       -41517.454552684154       -32935.548005078155     
         291   8324.3954354046291       -41257.207707022440       -32932.812271617811     
         292   8070.1617917648146       -40995.700087153004       -32925.538295388193     
         293   7921.2268988985797       -40844.701970579314       -32923.475071680732     
         294   7909.7849521363569       -40842.287391668782       -32932.502439532429     
         295   7925.2243454791642       -40872.864261635841       -32947.639916156681     
         296   7782.6314017937520       -40737.547444170821       -32954.916042377066     
         297   7391.8334206330028       -40339.873962969170       -32948.040542336166     
         298   6860.0815065139996       -39790.563606880722       -32930.482100366724     
         299   6437.9382087530275       -39351.292252804211       -32913.354044051186     
         300   6363.5890832020514       -39271.225218755098       -32907.636135553046     
         301   6717.6569848336330       -39633.218492647124       -32915.561507813487     
         302   7387.3322132472877       -40317.709048403543       -32930.376835156254     
         303   8152.4506650871963       -41097.609933963606       -32945.159268876407     
         304   8790.9581947355528       -41747.834598226065       -32956.876403490511     
         305   9118.3052126079583       -42087.709522970195       -32969.404310362239     
         306   8984.3442324342668       -41963.247389681193       -32978.903157246925     
         307   8403.4567501430865       -41356.714636541132       -32953.257886398045     
         308   7916.7867640216809       -40806.358525686424       -32889.571761664745     
         309   8264.6032883988373       -41177.945982400248       -32913.342694001411     
         310   9203.7811667690930       -42172.547709143102       -32968.766542374011     
         311   9969.8734171875112       -42939.051583525477       -32969.178166337966     
         312   10322.455221741282       -43276.191014314325       -32953.735792573047     
         313   10376.878249988522       -43319.886112332628       -32943.007862344108     
         314   10268.305607321099       -43207.554865210608       -32939.249257889511     
         315   10059.230567906907       -43001.884551457311       -32942.653983550408     
         316   9714.6387085172228       -42668.527064384936       -32953.888355867712     
         317   9107.2510504275360       -42074.000257382533       -32966.749206954999     
         318   8131.6943501954765       -41095.733725507045       -32964.039375311571     
         319   6924.7721676724641       -39857.665585045666       -32932.893417373205     
         320   5977.2315010277989       -38871.039790705123       -32893.808289677327     
         321   5827.5875327096419       -38716.323145070986       -32888.735612361343     
         322   6552.5861169145519       -39470.413962357052       -32917.827845442502     
         323   7753.5764431183688       -40697.381163359729       -32943.804720241358     
         324   8997.8409457936705       -41948.710883551408       -32950.869937757736     
         325   10074.721374464802       -43022.712771132639       -32947.991396667836     
         326   10946.510082351655       -43890.043291427952       -32943.533209076297     
         327   11631.431543189352       -44574.009574873009       -32942.578031683661     
         328   12117.854848513587       -45067.104721020281       -32949.249872506698     
         329   12308.706657316279       -45275.498378319127       -32966.791721002846     
         330   12036.476334340992       -45015.112678494595       -32978.636344153601     
         331   11385.862666307728       -44312.274089018210       -32926.411422710480     
         332   11228.751496278790       -44089.541275303083       -32860.789779024293     
         333   12231.960798069089       -45169.742437014953       -32937.781638945860     
         334   13584.856952835205       -46566.257198142332       -32981.400245307130     
         335   14475.672787785588       -47440.934841776761       -32965.262053991173     
         336   14877.967333291028       -47824.785744899535       -32946.818411608503     
         337   14977.983061284627       -47915.906596067747       -32937.923534783120     
         338   14892.545807627879       -47827.959212290138       -32935.413404662257     
         339   14664.070133078772       -47600.302652674531       -32936.232519595760     
         340   14295.631735396038       -47236.415770476466       -32940.784035080425     
         341   13771.617739373620       -46714.932857981228       -32943.315118607607     
         342   13074.829702594363       -46020.267397021627       -32945.437694427266     
         343   12214.342684739462       -45158.860957113269       -32944.518272373811     
         344   11250.782445125315       -44191.461866915219       -32940.679421789901     
         345   10291.762712537080       -43228.122946673881       -32936.360234136802     
         346   9451.0990278906193       -42385.262264362376       -32934.163236471759     
         347   8835.7219295906452       -41763.846712394246       -32928.124782803599     
         348   8588.0281920081106       -41506.737808717284       -32918.709616709173     
         349   8845.1977710331394       -41766.540766788392       -32921.342995755251     
         350   9558.5997422748660       -42500.246963287471       -32941.647221012608     
         351   10448.540370279448       -43408.769612278047       -32960.229241998597     
         352   11243.265128107942       -44203.328135797725       -32960.063007689780     
         353   11894.279712874079       -44843.204557876808       -32948.924845002730     
         354   12488.288184606039       -45436.119806342227       -32947.831621736186     
         355   13002.457829133053       -45962.612992641305       -32960.155163508251     
         356   13259.029696498446       -46228.257545953762       -32969.227849455317     
         357   13130.110048787616       -46093.673700591375       -32963.563651803757     
         358   12691.602489322380       -45641.408062137052       -32949.805572814672     
         359   12140.808197188213       -45082.627060323881       -32941.818863135668     
         360   11623.064065313563       -44564.576432119175       -32941.512366805611     
         361   11196.316561039492       -44133.904847454869       -32937.588286415375     
         362   10944.348774081855       -43869.787797501551       -32925.439023419698     
         363   11022.778714667093       -43939.180734793808       -32916.402020126712     
         364   11521.005420666150       -44444.094900706135       -32923.089480039984     
         365   12312.351346725007       -45255.444229058921       -32943.092882333913     
         366   13076.853403723986       -46044.157071912050       -32967.303668188062     
         367   13424.003018799562       -46417.518532586430       -32993.515513786871     
         368   12972.343162919631       -45991.765621398517       -33019.422458478890     
         369   11521.695097670459       -44525.916969367099       -33004.221871696638     
         370   9656.1502397478453       -42548.569945892064       -32892.419706144217     
         371   8944.6097284920670       -41783.389912879386       -32838.780184387317     
         372   9982.4915691106016       -42937.670808327501       -32955.179239216901     
         373   11405.645375968832       -44425.072397387790       -33019.427021418960     
         374   12048.862775163749       -45050.787544191990       -33001.924769028243     
         375   11854.791911332630       -44824.320173652115       -32969.528262319487     
         376   11191.296499219405       -44134.999405711984       -32943.702906492581     
         377   10419.085997041604       -43346.520473676414       -32927.434476634808     
         378   9798.9958230579359       -42717.598143719712       -32918.602320661776     
         379   9465.9664050944903       -42384.287960643684       -32918.321555549192     
         380   9413.8085028301848       -42339.027765274557       -32925.219262444371     
         381   9530.7937100575255       -42465.330013029416       -32934.536302971886     
         382   9681.8513641174977       -42621.060369941864       -32939.209005824363     
         383   9778.3367371334225       -42717.435031757181       -32939.098294623756     
         384   9797.2585209284061       -42733.750818071756       -32936.492297143348     
         385   9756.1854343840423       -42689.600075643350       -32933.414641259311     
         386   9678.9238747961481       -42610.910110823592       -32931.986236027442     
         387   9579.9720327443974       -42511.028586687084       -32931.056553942690     
         388   9475.7079880754809       -42404.180969001958       -32928.472980926475     
         389   9401.6550323172560       -42326.603737525620       -32924.948705208364     
         390   9402.0384474391394       -42325.627991244517       -32923.589543805378     
         391   9488.3819045756991       -42414.433248079084       -32926.051343503386     
         392   9609.3607966625223       -42541.914956940040       -32932.554160277519     
         393   9670.5074081380117       -42610.308783309425       -32939.801375171417     
         394   9583.7535842663383       -42526.933552120870       -32943.179967854536     
         395   9306.4477345404412       -42249.432240209557       -32942.984505669112     
         396   8857.5412969070549       -41796.383637590341       -32938.842340683288     
         397   8320.8544272043637       -41251.474635755803       -32930.620208551438     
         398   7835.6508823712347       -40755.611244507636       -32919.960362136400     
         399   7541.6474143793603       -40458.547342048238       -32916.899927668877     
         400   7488.5211881600635       -40409.148682655228       -32920.627494495166     
         401   7612.7152081981758       -40539.437518190462       -32926.722309992285     
         402   7818.3983343950003       -40746.784702770805       -32928.386368375803     
         403   8057.7116393526094       -40983.927057390327       -32926.215418037718     
         404   8332.1761344394781       -41255.781326072160       -32923.605191632683     
         405   8651.8352239204705       -41574.592562217338       -32922.757338296869     
         406   9003.0665653578908       -41928.072957369666       -32925.006392011775     
         407   9344.6698291924949       -42273.106418516887       -32928.436589324396     
         408   9622.5072067178662       -42555.313801635893       -32932.806594918031     
         409   9785.1210003614360       -42720.844421195594       -32935.723420834154     
         410   9797.2777671177173       -42733.706772697959       -32936.429005580241     
         411   9653.4054407922176       -42587.528585059408       -32934.123144267192     
         412   9383.9124562253819       -42314.174349662149       -32930.261893436764     
         413   9050.8183485091195       -41976.407425735102       -32925.589077225981     
         414   8726.9767716972783       -41649.831771348196       -32922.854999650917     
         415   8463.3074344695069       -41385.798893971260       -32922.491459501754     
         416   8266.9391166044497       -41191.704101818235       -32924.764985213784     
         417   8111.6592911193711       -41038.895746145252       -32927.236455025879     
         418   7966.1688854571585       -40894.055813095394       -32927.886927638232     
         419   7811.6023813629390       -40739.918015773626       -32928.315634410690     
         420   7642.5018406448298       -40571.326965020453       -32928.825124375624     
         421   7462.4076871349425       -40390.346671511565       -32927.938984376626     
         422   7285.7671189687435       -40211.731614551747       -32925.964495583001     
         423   7142.5298264175663       -40065.464787746394       -32922.934961328829     
         424   7075.9187291633434       -39995.593185791775       -32919.674456628432     
         425   7131.8745620386198       -40048.561722548402       -32916.687160509784     
         426   7341.1668596985019       -40257.906462939602       -32916.739603241098     
         427   7706.8500167495395       -40625.150787555591       -32918.300770806054     
         428   8205.8297875009066       -41126.345560610214       -32920.515773109306     
         429   8795.1585409390991       -41719.066741133865       -32923.908200194768     
         430   9423.3566581803261       -42350.379695052179       -32927.023036871855     
         431   10043.297871721015       -42972.597845666685       -32929.299973945672     
         432   10620.636723627851       -43551.950858325930       -32931.314134698077     
         433   11136.065106741848       -44067.269989748056       -32931.204883006212     
         434   11581.536246190231       -44512.808432158141       -32931.272185967908     
         435   11953.726103359186       -44886.452274110081       -32932.726170750895     
         436   12244.306321288474       -45178.039837649092       -32933.733516360619     
         437   12440.624719867619       -45374.938245692429       -32934.313525824808     
         438   12540.646471389151       -45473.657851006115       -32933.011379616961     
         439   12572.604218682482       -45502.030624258237       -32929.426405575752     
         440   12607.039882591574       -45530.479395015260       -32923.439512423683     
         441   12738.674098762816       -45657.656537339361       -32918.982438576546     
         442   13030.552302034144       -45950.065576415444       -32919.513274381301     
         443   13453.759931564358       -46382.644093460374       -32928.884161896014     
         444   13883.279214435699       -46823.702373507345       -32940.423159071644     
         445   14154.518529276014       -47106.304248980581       -32951.785719704567     
         446   14121.564342345329       -47081.415342198467       -32959.850999853137     
         447   13696.493660606187       -46658.278923293568       -32961.785262687379     
         448   12894.678427619063       -45847.471328570151       -32952.792900951084     
         449   11891.454393536917       -44825.000091383961       -32933.545697847047     
         450   11009.071938949719       -43922.691675825015       -32913.619736875298     
         451   10528.898107544030       -43443.968034207021       -32915.069926662989     
         452   10451.356848777972       -43387.283692521254       -32935.926843743284     
         453   10527.570429404363       -43478.488977664463       -32950.918548260102     
         454   10529.488667898317       -43483.479904529064       -32953.991236630747     
         455   10377.203569803800       -43331.755518047052       -32954.551948243250     
         456   10058.231514385157       -43012.906670062002       -32954.675155676843     
         457   9582.6438435893906       -42531.897789436887       -32949.253945847493     
         458   9048.6997546120620       -41983.173581721108       -32934.473827109046     
         459   8676.4585016452365       -41594.297959416610       -32917.839457771377     
         460   8703.7678061439401       -41615.217646867437       -32911.449840723493     
         461   9211.6616256751986       -42133.522206668560       -32921.860580993365     
         462   10053.124405463988       -42992.475666489008       -32939.351261025018     
         463   10965.836500063688       -43917.672933755930       -32951.836433692239     
         464   11740.735186882501       -44695.906395005921       -32955.171208123422     
         465   12294.387432563624       -45246.893465152811       -32952.506032589183     
         466   12638.612268269948       -45587.604430484716       -32948.992162214767     
         467   12811.366136311841       -45759.988248224872       -32948.622111913035     
         468   12821.033799083787       -45773.271114032577       -32952.237314948790     
         469   12637.659958540391       -45593.577262667037       -32955.917304126648     
         470   12242.409244544386       -45196.218936792611       -32953.809692248222     
         471   11712.290232401978       -44653.532454529457       -32941.242222127476     
         472   11247.143725848930       -44175.180113951828       -32928.036388102897     
         473   11038.835718591714       -43967.811606356219       -32928.975887764507     
         474   11058.283481351697       -44006.054387719400       -32947.770906367703     
         475   11036.169759831795       -44003.890503307601       -32967.720743475802     
         476   10695.237943544969       -43668.170815862191       -32972.932872317222     
         477   9962.4676203886138       -42926.013520235727       -32963.545899847115     
         478   8997.8923889724392       -41941.769949700938       -32943.877560728499     
         479   8124.5445850301576       -41044.021033961952       -32919.476448931797     
         480   7722.0312780329423       -40626.796185602630       -32904.764907569690     
         481   7977.0489565949147       -40897.775267512458       -32920.726310917540     
         482   8683.6907253662994       -41628.915773004766       -32945.225047638465     
         483   9472.5113610000335       -42428.973587715052       -32956.462226715019     
         484   10097.780803144649       -43056.975059463526       -32959.194256318879     
         485   10451.871615175514       -43408.971165086812       -32957.099549911298     
         486   10518.256643756727       -43468.369605790387       -32950.112962033658     
         487   10360.736271485257       -43300.011307053384       -32939.275035568127     
         488   10097.418892089769       -43026.337351085473       -32928.918458995700     
         489   9859.2331311414546       -42780.288340470390       -32921.055209328937     
         490   9756.4945745317145       -42674.118271258427       -32917.623696726710     
         491   9845.8275659208521       -42765.498665622043       -32919.671099701191     
         492   10096.076980527774       -43023.443089407105       -32927.366108879331     
         493   10397.206338078830       -43332.717738051440       -32935.511399972609     
         494   10621.856883199956       -43562.399675519773       -32940.542792319815     
         495   10682.974999466027       -43624.235298819898       -32941.260299353875     
         496   10551.971064381634       -43490.175304709483       -32938.204240327846     
         497   10244.641590409845       -43179.504697250653       -32934.863106840807     
         498   9800.8858608810751       -42732.052081048394       -32931.166220167317     
         499   9271.3482739965075       -42198.906029921629       -32927.557755925125     
         500   8709.5648021741163       -41633.228843317054       -32923.664041142940     
         501   8165.8849723692574       -41087.070529497432       -32921.185557128178     
         502   7679.7640273496991       -40599.429236801807       -32919.665209452105     
         503   7276.5163893183517       -40195.813024268660       -32919.296634950311     
         504   6966.3855028346889       -39886.199633776960       -32919.814130942272     
         505   6746.6911450551643       -39667.593442958154       -32920.902297902991     
         506   6609.5733087930357       -39529.922656834475       -32920.349348041440     
         507   6547.3459560666233       -39467.674741546922       -32920.328785480298     
         508   6553.2152093264021       -39473.734745989088       -32920.519536662687     
         509   6618.8774202712675       -39539.981891312673       -32921.104471041406     
         510   6730.9423990233263       -39652.922421223760       -32921.980022200434     
         511   6870.2338048563934       -39793.289065172576       -32923.055260316185     
         512   7014.5515386290708       -39938.612296025371       -32924.060757396299     
         513   7142.2965319167424       -40067.456864440879       -32925.160332524138     
         514   7233.6327259591844       -40159.253573780858       -32925.620847821672     
         515   7275.4073236754448       -40200.907389510190       -32925.500065834742     
         516   7264.6230221604210       -40189.422043065912       -32924.799020905491     
         517   7207.6573622338201       -40131.346719053843       -32923.689356820025     
         518   7117.9618026790768       -40040.129154247363       -32922.167351568285     
         519   7012.0341407064734       -39932.525001567315       -32920.490860860838     
         520   6904.5976697641645       -39824.409352486189       -32919.811682722022     
         521   6803.9307132641452       -39723.591549247401       -32919.660835983253     
         522   6711.5444183797736       -39631.441800773951       -32919.897382394178     
         523   6624.6509219449435       -39544.963487652465       -32920.312565707522     
         524   6538.1483036272593       -39458.802858201059       -32920.654554573797     
         525   6448.2065645592047       -39368.896261804708       -32920.689697245500     
         526   6355.6175455239463       -39275.865182548980       -32920.247637025037     
         527   6268.8123299238296       -39188.384978543843       -32919.572648620015     
         528   6204.0694146283377       -39122.228497596072       -32918.159082967737     
         529   6182.1134499844839       -39098.743525971855       -32916.630075987370     
         530   6224.8460955224473       -39140.706403976714       -32915.860308454270     
         531   6349.6274282683853       -39265.045435039669       -32915.418006771280     
         532   6563.2520747474373       -39479.659427220991       -32916.407352473558     
         533   6860.0774782240933       -39778.673916056621       -32918.596437832530     
         534   7222.1382018317454       -40142.317245688791       -32920.179043857046     
         535   7625.6738088260599       -40547.412785277615       -32921.738976451554     
         536   8048.0792466209741       -40971.229276000442       -32923.150029379467     
         537   8468.8813756075288       -41393.448991174169       -32924.567615566644     
         538   8869.2201579791490       -41796.117746536424       -32926.897588557273     
         539   9225.8727415479771       -42155.081734978339       -32929.208993430366     
         540   9508.5945984714272       -42440.707390203432       -32932.112791732005     
         541   9683.0188028171742       -42618.350777477986       -32935.331974660810     
         542   9714.9500060571718       -42653.653274453478       -32938.703268396304     
         543   9575.8126462215077       -42517.101384650778       -32941.288738429270     
         544   9249.5616023395341       -42192.321928535464       -32942.760326195930     
         545   8744.9997831299497       -41686.528281438288       -32941.528498308340     
         546   8116.9513287273776       -41052.107354324769       -32935.156025597389     
         547   7486.3924091339750       -40412.386415361965       -32925.994006227993     
         548   7025.5894933051950       -39941.151485420647       -32915.561992115450     
         549   6901.4642606907028       -39810.646728431631       -32909.182467740931     
         550   7214.0363701417446       -40122.786111919479       -32908.749741777734     
         551   7965.9415359651803       -40881.254028133590       -32915.312492168407     
         552   9062.4813690976243       -41987.494797686595       -32925.013428588973     
         553   10343.282723677785       -43278.489667874470       -32935.206944196689     
         554   11637.264417228893       -44580.414800394385       -32943.150383165492     
         555   12804.193919175115       -45752.561653899094       -32948.367734723979     
         556   13740.892771110108       -46693.972409213231       -32953.079638103125     
         557   14366.236521671926       -47324.377070018418       -32958.140548346491     
         558   14616.512772108008       -47577.706384512996       -32961.193612404990     
         559   14475.304549202352       -47437.459878323920       -32962.155329121568     
         560   14043.818965158733       -46989.696730535390       -32945.877765376659     
         561   13601.142364864390       -46524.091211777646       -32922.948846913256     
         562   13487.937892836098       -46405.559283357368       -32917.621390521272     
         563   13815.128167880664       -46751.622919089285       -32936.494751208622     
         564   14345.127403332921       -47307.758790555352       -32962.631387222427     
         565   14696.672068091350       -47676.048858508024       -32979.376790416674     
         566   14587.070151486367       -47573.537252999238       -32986.467101512870     
         567   13887.802253589289       -46878.888786285577       -32991.086532696288     
         568   12555.211467777488       -45553.033566881444       -32997.822099103956     
         569   10611.928175263391       -43603.709267433034       -32991.781092169644     
         570   8392.2373167621299       -41325.844100811417       -32933.606784049291     
         571   6825.4445018852466       -39705.125858303320       -32879.681356418070     
         572   6554.4985626419084       -39487.433766282855       -32932.935203640947     
         573   6994.4764869437031       -39977.128752369106       -32982.652265425400     
         574   7343.5233963161390       -40331.291060557283       -32987.767664241146     
         575   7367.4296425214034       -40340.379159487988       -32972.949516966582     
         576   7258.9179660556310       -40200.445340111415       -32941.527374055782     
         577   7486.6285945299542       -40397.871289417613       -32911.242694887660     
         578   8421.9582224711157       -41353.633481160250       -32931.675258689138     
         579   9781.5225331645524       -42765.533325398988       -32984.010792234432     
         580   10854.066801635088       -43859.586784199193       -33005.519982564103     
         581   11261.409989676578       -44248.053121943703       -32986.643132267127     
         582   11192.888406083905       -44141.772375970490       -32948.883969886585     
         583   11119.451825977434       -44043.076529757309       -32923.624703779875     
         584   11362.988352119974       -44290.494066966647       -32927.505714846673     
         585   11872.898008133687       -44817.178934442301       -32944.280926308616     
         586   12400.142965621715       -45353.887792979127       -32953.744827357412     
         587   12752.423896349739       -45707.890816933956       -32955.466920584215     
         588   12850.943342659542       -45806.210385399398       -32955.267042739855     
         589   12664.176518922608       -45621.393608106890       -32957.217089184283     
         590   12171.298318304025       -45128.943181049712       -32957.644862745685     
         591   11413.829504819239       -44362.120698845945       -32948.291194026708     
         592   10557.478818620359       -43492.007468827171       -32934.528650206812     
         593   9828.3511638761847       -42761.327668759528       -32932.976504883343     
         594   9326.2632751808997       -42266.190586080600       -32939.927310899700     
         595   9107.2666073673372       -42026.737501164345       -32919.470893797006     
         596   9412.7859652213083       -42329.914974406478       -32917.129009185170     
         597   10193.268697121832       -43150.846993462794       -32957.578296340958     
         598   10908.328214226300       -43879.826779515366       -32971.498565289068     
         599   11219.670990656534       -44178.724059493958       -32959.053068837427     
         600   11167.905386322573       -44113.182628161172       -32945.277241838601     
         601   10895.983576030674       -43833.677861046956       -32937.694285016281     
         602   10503.390643609220       -43437.948599217016       -32934.557955607794     
         603   10034.394111028709       -42968.527434789183       -32934.133323760470     
         604   9501.8615032790840       -42436.555765436678       -32934.694262157594     
         605   8910.4184374582892       -41844.724869448073       -32934.306431989782     
         606   8279.1966196954745       -41210.943039755941       -32931.746420060466     
         607   7664.3831107534379       -40590.167936871017       -32925.784826117582     
         608   7166.9600972280405       -40085.059170616150       -32918.099073388112     
         609   6903.0271502178985       -39816.468881919471       -32913.441731701576     
         610   6939.4040321729963       -39855.667937321552       -32916.263905148553     
         611   7244.3512296097297       -40167.792522895092       -32923.441293285359     
         612   7707.2489541843297       -40637.134976965150       -32929.886022780818     
         613   8203.6883149604291       -41138.412392459919       -32934.724077499486     
         614   8645.8689745816337       -41581.654755286079       -32935.785780704449     
         615   8992.2449562033908       -41927.954004244748       -32935.709048041361     
         616   9232.0158512433754       -42167.745928602999       -32935.730077359622     
         617   9367.8418091550484       -42303.136684538746       -32935.294875383697     
         618   9405.0427475097240       -42339.969616123642       -32934.926868613918     
         619   9345.5366331572131       -42281.181100862668       -32935.644467705453     
         620   9185.4112498399263       -42122.634813812641       -32937.223563972715     
         621   8914.0151106460271       -41853.966464438723       -32939.951353792698     
         622   8512.0978179931099       -41455.949360384264       -32943.851542391152     
         623   7956.8111617990835       -40904.379561838570       -32947.568400039483     
         624   7248.7733929402339       -40196.673648596450       -32947.900255656219     
         625   6472.0205758384463       -39408.185469730866       -32936.164893892419     
         626   5858.2758493185820       -38773.009439764850       -32914.733590446267     
         627   5729.5831462345022       -38631.519683378116       -32901.936537143614     
         628   6251.0318346829745       -39165.106882539018       -32914.075047856044     
         629   7245.7245652709944       -40185.082747614426       -32939.358182343429     
         630   8333.1955907088086       -41290.989090764990       -32957.793500056185     
         631   9189.5756463564067       -42155.790958802863       -32966.215312446453     
         632   9632.2812326729545       -42603.882865582753       -32971.601632909798     
         633   9563.2040643132113       -42540.639077754990       -32977.435013441776     
         634   8949.3269222779199       -41923.069952780788       -32973.743030502868     
         635   7964.7195195394033       -40905.411532441198       -32940.692012901796     
         636   7176.6983725237424       -40067.914037758041       -32891.215665234296     
         637   7246.5756910512046       -40137.257862138293       -32890.682171087086     
         638   8184.4515932148697       -41121.875786251716       -32937.424193036844     
         639   9372.8632593985330       -42337.614841326002       -32964.751581927470     
         640   10317.802400327220       -43280.824923095439       -32963.022522768217     
         641   10920.445831844574       -43872.446270716580       -32952.000438872004     
         642   11271.820846920873       -44214.310045831335       -32942.489198910465     
         643   11477.459038068848       -44416.185776806975       -32938.726738738129     
         644   11603.574383611383       -44540.312405630008       -32936.738022018624     
         645   11678.646461712089       -44615.367740028341       -32936.721278316254     
         646   11708.375486631645       -44647.381134364019       -32939.005647732374     
         647   11685.255184609798       -44625.709228601641       -32940.454043991842     
         648   11600.553780298500       -44541.964546046140       -32941.410765747642     
         649   11456.057985396057       -44397.470951940231       -32941.412966544172     
         650   11266.255086632951       -44206.724926560892       -32940.469839927944     
         651   11057.065327662127       -43996.263832962410       -32939.198505300286     
         652   10854.945734548310       -43793.660440408465       -32938.714705860155     
         653   10674.932200115794       -43613.990662423377       -32939.058462307585     
         654   10515.353073149830       -43457.461227100670       -32942.108153950838     
         655   10357.170237579878       -43302.837015169229       -32945.666777589351     
         656   10172.280185173971       -43120.988202163484       -32948.708016989513     
         657   9942.4361884537448       -42892.224472624352       -32949.788284170609     
         658   9690.6501459676165       -42637.208274739154       -32946.558128771539     
         659   9505.6238181971985       -42445.485599172331       -32939.861780975130     
         660   9512.7726294141648       -42449.935927214065       -32937.163297799896     
         661   9768.3833543899054       -42713.480682489579       -32945.097328099670     
         662   10185.450195998197       -43142.758513999484       -32957.308318001291     
         663   10617.085691866281       -43579.125277022540       -32962.039585156257     
         664   11040.180708683283       -43988.712897249781       -32948.532188566496     
         665   11672.531253907749       -44597.067232250505       -32924.535978342756     
         666   12824.958733962621       -45748.299775023006       -32923.341041060383     
         667   14479.443158765636       -47438.515399428084       -32959.072240662448     
         668   16156.338786288419       -49151.194656756248       -32994.855870467829     
         669   17313.667217676324       -50323.034655151714       -33009.367437475390     
         670   17664.222411934479       -50676.155519538363       -33011.933107603880     
         671   17149.084561772012       -50158.701346321410       -33009.616784549398     
         672   15860.195085258065       -48859.155185964832       -32998.960100706769     
         673   14081.682513532214       -47049.085303769250       -32967.402790237036     
         674   12365.095219376715       -45287.988212177079       -32922.892992800364     
         675   11365.650126271519       -44269.145772341551       -32903.495646070034     
         676   11331.361575171983       -44268.313633431637       -32936.952058259652     
         677   11833.869178199822       -44814.721241262472       -32980.852063062652     
         678   12254.051819205957       -45243.346388754100       -32989.294569548147     
         679   12373.713906441913       -45341.700556348587       -32967.986649906670     
         680   12392.439960732405       -45336.192881212606       -32943.752920480198     
         681   12590.322782186693       -45524.641505781488       -32934.318723594799     
         682   13064.313537550197       -46006.075649992868       -32941.762112442673     
         683   13684.296553592123       -46642.636511696503       -32958.339958104378     
         684   14187.125890521587       -47162.647634334382       -32975.521743812795     
         685   14278.708140635483       -47271.519145906364       -32992.811005270880     
         686   13756.417818133448       -46747.017920948856       -32990.600102815406     
         687   12780.091352990423       -45726.579745826035       -32946.488392835614     
         688   11965.548831343507       -44890.206212196375       -32924.657380852870     
         689   11568.980647072811       -44539.239985082990       -32970.259338010175     
         690   11103.186242552694       -44088.190891068552       -32985.004648515860     
         691   10294.764285511559       -43252.847065245514       -32958.082779733959     
         692   9422.8570542088764       -42350.262056946834       -32927.405002737956     
         693   8893.3086726526690       -41808.073094392057       -32914.764421739390     
         694   8881.8898665069719       -41806.533697675193       -32924.643831168221     
         695   9253.3588549887572       -42197.254213171611       -32943.895358182854     
         696   9723.5054527565535       -42680.922004572727       -32957.416551816175     
         697   10068.439895838406       -43028.452161647212       -32960.012265808808     
         698   10214.089170067657       -43169.685985496006       -32955.596815428347     
         699   10192.202784143570       -43144.615142271759       -32952.412358128189     
         700   10040.281773601750       -42993.643018805771       -32953.361245204025     
         701   9757.9881816554698       -42710.602095148723       -32952.613913493253     
         702   9368.6287084571704       -42313.132526053618       -32944.503817596444     
         703   8981.3776390933690       -41914.012304911543       -32932.634665818172     
         704   8743.9693462909927       -41670.429323899931       -32926.459977608938     
         705   8734.7134354353257       -41663.256489838292       -32928.543054402966     
         706   8913.3237876744897       -41848.632657134338       -32935.308869459848     
         707   9170.5109576862815       -42111.373939120116       -32940.862981433835     
         708   9404.3005258236699       -42348.697010582538       -32944.396484758865     
         709   9553.9909796335087       -42498.542161605634       -32944.551181972129     
         710   9599.1395085322401       -42542.205590234778       -32943.066081702535     
         711   9552.0342446787781       -42491.631673792072       -32939.597429113295     
         712   9444.4635502444362       -42381.431047240047       -32936.967496995610     
         713   9312.7266063756997       -42248.087330142611       -32935.360723766913     
         714   9179.6058591106703       -42115.756442446793       -32936.150583336123     
         715   9037.6382053169636       -41976.622606093551       -32938.984400776586     
         716   8855.6242812005257       -41798.389953837337       -32942.765672636815     
         717   8599.6822076333046       -41543.283992297896       -32943.601784664592     
         718   8262.8074442437901       -41204.061905209048       -32941.254460965254     
         719   7883.9238195196094       -40819.844272318165       -32935.920452798557     
         720   7535.1530989695084       -40465.607765665743       -32930.454666696234     
         721   7290.1803668715183       -40217.669344942355       -32927.488978070833     
         722   7185.9787164918507       -40114.644302239867       -32928.665585748015     
         723   7201.3407136422802       -40134.519334025586       -32933.178620383303     
         724   7266.6381217172921       -40205.432590530589       -32938.794468813299     
         725   7294.4244457692639       -40237.485558240347       -32943.061112471085     
         726   7209.8399939686951       -40156.551376655079       -32946.711382686386     
         727   6965.4327581699054       -39914.155636839008       -32948.722878669105     
         728   6546.0442955434619       -39493.877126930529       -32947.832831387066     
         729   5974.7325038095196       -38919.058037254530       -32944.325533445008     
         730   5320.1112618281741       -38257.611686266013       -32937.500424437836     
         731   4700.8828524032542       -37628.825430181867       -32927.942577778609     
         732   4269.3255538605217       -37188.440799960605       -32919.115246100082     
         733   4157.7958219242537       -37074.936004556657       -32917.140182632400     
         734   4405.4300755984477       -37328.385481569836       -32922.955405971385     
         735   4927.1065579037486       -37860.938813216351       -32933.832255312605     
         736   5557.4458202444139       -38500.920231858829       -32943.474411614414     
         737   6128.1394436240071       -39078.413236249384       -32950.273792625376     
         738   6530.2661295059706       -39481.729314257012       -32951.463184751039     
         739   6743.4838477509747       -39690.462500027854       -32946.978652276877     
         740   6835.5620974471958       -39774.113374777153       -32938.551277329956     
         741   6931.0422292997555       -39861.613136784312       -32930.570907484558     
         742   7145.6690925712328       -40072.817899757712       -32927.148807186481     
         743   7522.6487690543181       -40453.400180563018       -32930.751411508696     
         744   8021.9525707817729       -40957.781007656020       -32935.828436874246     
         745   8566.2049695921814       -41506.991782875164       -32940.786813282983     
         746   9087.7216512790637       -42030.720576000451       -32942.998924721389     
         747   9542.0779784773949       -42486.428976435767       -32944.350997958376     
         748   9901.7930627045371       -42847.704963301687       -32945.911900597152     
         749   10143.213678872973       -43089.597679229395       -32946.384000356426     
         750   10243.736476501388       -43190.980206093533       -32947.243729592141     
         751   10188.572495131388       -43135.878795187404       -32947.306300056014     
         752   9979.5039787009391       -42925.329926584076       -32945.825947883139     
         753   9646.3715439627940       -42588.461186238143       -32942.089642275350     
         754   9254.1077553915693       -42190.217873220157       -32936.110117828590     
         755   8899.7011015066164       -41828.693807938718       -32928.992706432102     
         756   8694.2660495762757       -41617.201838151028       -32922.935788574752     
         757   8726.6678743158100       -41647.213737878927       -32920.545863563115     
         758   9022.5199142851397       -41947.077015806797       -32924.557101521656     
         759   9523.5833272075597       -42458.020287888205       -32934.436960680643     
         760   10096.459329265923       -43043.105840013552       -32946.646510747625     
         761   10570.861036393357       -43528.627764645193       -32957.766728251838     
         762   10789.156850727652       -43756.449108309374       -32967.292257581721     
         763   10646.403789345355       -43616.157556865190       -32969.753767519833     
         764   10140.607899073380       -43102.478995827172       -32961.871096753792     
         765   9429.5913556604319       -42371.865416202854       -32942.274060542419     
         766   8822.1736412051796       -41743.315863668671       -32921.142222463488     
         767   8619.0300320804818       -41534.972494014524       -32915.942461934043     
         768   8875.8314027883589       -41808.899677014037       -32933.068274225676     
         769   9335.2142135626018       -42294.815775628762       -32959.601562066164     
         770   9601.7655874015272       -42583.003341432166       -32981.237754030641     
         771   9356.2907875547389       -42347.811811816311       -32991.521024261572     
         772   8509.9348167063363       -41487.244943161932       -32977.310126455595     
         773   7387.7233549869316       -40314.944143493347       -32927.220788506413     
         774   6746.3641917084260       -39628.908339180838       -32882.544147472414     
         775   7180.1390057100425       -40081.073578713433       -32900.934573003389     
         776   8467.7663964377480       -41417.556760603344       -32949.790364165594     
         777   9898.9712027168825       -42874.042735412411       -32975.071532695525     
         778   10983.995604550111       -43957.849563760115       -32973.853959210006     
         779   11615.662416142959       -44579.266308829334       -32963.603892686377     
         780   11877.027823426171       -44831.739303668706       -32954.711480242535     
         781   11879.260085676355       -44829.495962633053       -32950.235876956700     
         782   11699.871470265807       -44648.586774030802       -32948.715303764999     
         783   11375.079051018347       -44325.750948243433       -32950.671897225082     
         784   10919.288575714754       -43869.873429729378       -32950.584854014625     
         785   10374.990527420852       -43319.199558089247       -32944.209030668397     
         786   9872.2189328602799       -42802.680917699327       -32930.461984839043     
         787   9622.8744947906198       -42542.152864559052       -32919.278369768435     
         788   9787.4035122997720       -42709.921978105114       -32922.518465805340     
         789   10315.125794300629       -43254.908048437908       -32939.782254137281     
         790   10969.939016287930       -43925.358152334375       -32955.419136046447     
         791   11512.139207462442       -44475.607291134518       -32963.468083672080     
         792   11806.202101055516       -44771.233990788169       -32965.031889732651     
         793   11801.102254740039       -44766.346435992855       -32965.244181252812     
         794   11487.312929387730       -44451.287852378133       -32963.974922990405     
         795   10923.694719877971       -43877.761969729268       -32954.067249851301     
         796   10317.949518159347       -43249.343058665945       -32931.393540506600     
         797   10005.338565188327       -42918.788396582335       -32913.449831394006     
         798   10199.130199895075       -43121.237834429783       -32922.107634534710     
         799   10785.905787084143       -43727.348344479804       -32941.442557395661     
         800   11480.560501773212       -44432.918364166479       -32952.357862393270     
         801   12074.991740220697       -45029.071869576714       -32954.080129356014     
         802   12491.674383295887       -45443.810940144569       -32952.136556848680     
         803   12727.588799659681       -45677.864925757502       -32950.276126097822     
         804   12808.395951748485       -45755.331399390110       -32946.935447641627     
         805   12773.883714217036       -45717.245135401514       -32943.361421184476     
         806   12672.969291864656       -45613.017847802541       -32940.048555937887     
         807   12551.130078916100       -45489.869469107303       -32938.739390191200     
         808   12425.855275660115       -45368.976667782568       -32943.121392122455     
         809   12235.468059880839       -45196.205736890835       -32960.737677009995     
         810   11750.501679354053       -44750.708489692763       -33000.206810338714     
         811   10604.546887533692       -43626.438751699854       -33021.891864166158     
         812   9161.9346016172021       -42038.911105791907       -32876.976504174701     
         813   9258.3573517414843       -42134.117856113320       -32875.760504371836     
         814   10875.980841318324       -43914.589901805790       -33038.609060487463     
         815   11994.834758374835       -45031.710767853641       -33036.876009478809     
         816   12005.106324146713       -45018.976586107150       -33013.870261960437     
         817   11114.257392910418       -44118.801010870680       -33004.543617960262     
         818   9605.2426515366715       -42579.466945341999       -32974.224293805324     
         819   8079.0632940697924       -40988.491387746020       -32909.428093676230     
         820   7488.4331387528146       -40361.399621764365       -32872.966483011551     
         821   8293.7233512407529       -41215.765739866489       -32922.042388625734     
         822   9881.6715678866694       -42864.702724687304       -32983.031156800636     
         823   11332.110297280446       -44336.987790813495       -33004.877493533051     
         824   12173.679414170481       -45177.452964005803       -33003.773549835321     
         825   12314.858965678544       -45313.830753220398       -32998.971787541857     
         826   11789.485840188998       -44786.278457201945       -32996.792617012950     
         827   10668.990594654893       -43661.935411123217       -32992.944816468327     
         828   9115.9621423230983       -42089.071068432684       -32973.108926109584     
         829   7513.1264485385327       -40447.764060597467       -32934.637612058934     
         830   6478.8506785282216       -39378.939679945048       -32900.089001416825     
         831   6497.1915121996935       -39406.658493484771       -32909.466981285077     
         832   7466.2936296340640       -40413.155013320909       -32946.861383686846     
         833   8863.2706419415081       -41832.282601865059       -32969.011959923548     
         834   10231.511952342922       -43207.336809348839       -32975.824857005915     
         835   11347.785911092014       -44323.125278982647       -32975.339367890629     
         836   12134.235109310583       -45106.838070208949       -32972.602960898366     
         837   12568.695695585313       -45537.978054990737       -32969.282359405421     
         838   12656.848847968342       -45622.719954913315       -32965.871106944971     
         839   12426.349068087075       -45388.220188635816       -32961.871120548742     
         840   11924.897371845222       -44883.314157202389       -32958.416785357171     
         841   11218.729675452512       -44172.472116278048       -32953.742440825532     
         842   10385.168612326970       -43336.228039981674       -32951.059427654705     
         843   9498.2580998413050       -42448.228378698950       -32949.970278857647     
         844   8634.2942847310151       -41579.474981607200       -32945.180696876181     
         845   7939.3374822714786       -40869.774904474274       -32930.437422202798     
         846   7679.1919891619218       -40591.543858625861       -32912.351869463935     
         847   8074.8800406295813       -40993.343252077379       -32918.463211447801     
         848   9025.1777479427728       -41969.493418424368       -32944.315670481592     
         849   10147.006886027835       -43110.442296589114       -32963.435410561280     
         850   11088.037283577836       -44055.088306958336       -32967.051023380496     
         851   11691.634537154880       -44654.526309512250       -32962.891772357369     
         852   11951.184030811593       -44906.674450227169       -32955.490419415575     
         853   11916.242442634762       -44866.982155832680       -32950.739713197916     
         854   11636.905339282939       -44586.308839260499       -32949.403499977561     
         855   11148.153821430700       -44096.461531110152       -32948.307709679451     
         856   10476.288607957758       -43423.783258095296       -32947.494650137538     
         857   9667.6407511795642       -42610.969302449157       -32943.328551269595     
         858   8831.2896485235833       -41763.089531048783       -32931.799882525200     
         859   8163.9008537423397       -41080.703495949907       -32916.802642207564     
         860   7889.6953709019472       -40798.513579848623       -32908.818208946672     
         861   8116.0530801542855       -41031.698313820765       -32915.645233666481     
         862   8752.4248640358983       -41681.756262145478       -32929.331398109578     
         863   9594.8813857349542       -42535.357673474544       -32940.476287739591     
         864   10456.311993334417       -43402.649269808338       -32946.337276473918     
         865   11217.057356022702       -44165.767263025293       -32948.709907002587     
         866   11815.719074805264       -44764.918929031766       -32949.199854226506     
         867   12228.818221240001       -45177.943417728558       -32949.125196488560     
         868   12451.674693747176       -45400.535365060314       -32948.860671313138     
         869   12484.135479631630       -45434.624962905065       -32950.489483273435     
         870   12328.269089284377       -45278.807773308166       -32950.538684023792     
         871   12001.307082182610       -44950.265202128518       -32948.958119945906     
         872   11547.702855418438       -44494.451296202613       -32946.748440784177     
         873   11027.057775851981       -43972.228671734294       -32945.170895882315     
         874   10479.971633894807       -43426.726281115785       -32946.754647220980     
         875   9908.0068688569027       -42857.466485127210       -32949.459616270309     
         876   9298.7831751667345       -42247.719435757252       -32948.936260590519     
         877   8680.2827859993413       -41623.968350713512       -32943.685564714171     
         878   8142.0683570505307       -41077.921106072921       -32935.852749022393     
         879   7798.9678194676108       -40729.641653381361       -32930.673833913752     
         880   7727.2293025194640       -40658.598652978231       -32931.369350458765     
         881   7918.1997280569540       -40857.192179078658       -32938.992451021702     
         882   8264.8500361157421       -41217.106036932215       -32952.256000816473     
         883   8572.9257020925706       -41542.106747703285       -32969.181045610712     
         884   8610.0884087471732       -41595.007494437094       -32984.919085689922     
         885   8225.0294282398627       -41206.648937671234       -32981.619509431373     
         886   7535.2248437510661       -40486.991647415314       -32951.766803664250     
         887   7010.6313923520465       -39922.985242218565       -32912.353849866515     
         888   7199.9450523603991       -40102.011425005847       -32902.066372645451     
         889   8249.0924679714117       -41176.977400026321       -32927.884932054905     
         890   9797.0221475949093       -42755.962962094367       -32958.940814499460     
         891   11350.376310133277       -44324.670439854868       -32974.294129721588     
         892   12593.105127639781       -45571.297452490842       -32978.192324851057     
         893   13391.458331639120       -46370.137845552759       -32978.679513913637     
         894   13697.388880122038       -46676.694051331833       -32979.305171209795     
         895   13496.560486568997       -46474.857213240859       -32978.296726671862     
         896   12814.655981988233       -45787.487662596701       -32972.831680608469     
         897   11756.590552131089       -44716.901252468939       -32960.310700337854     
         898   10539.827651156678       -43480.888047280379       -32941.060396123699     
         899   9474.3010694091899       -42396.758500233358       -32922.457430824172     
         900   8859.6345183120411       -41771.246166970668       -32911.611648658625     
         901   8861.1887623944167       -41774.803882571425       -32913.615120177012     
         902   9451.4414079102498       -42377.287981728339       -32925.846573818089     
         903   10441.874809723100       -43384.448538237295       -32942.573728514195     
         904   11567.999703678526       -44526.082856421883       -32958.083152743355     
         905   12575.552754634329       -45544.199381850136       -32968.646627215807     
         906   13272.492401421036       -46245.963107564719       -32973.470706143686     
         907   13531.800446716392       -46512.132698374888       -32980.332251658496     
         908   13258.185518745575       -46246.861788622416       -32988.676269876843     
         909   12370.366570768687       -45366.127169672516       -32995.760598903827     
         910   10873.528138610909       -43860.070490366939       -32986.542351756027     
         911   9068.6520952294468       -42015.255728698365       -32946.603633468920     
         912   7614.6986348402570       -40527.164908825740       -32912.466273985483     
         913   7068.1539422951728       -39979.611161144618       -32911.457218849442     
         914   7510.1630573346638       -40435.615123195494       -32925.452065860831     
         915   8656.2374585112357       -41609.580648136769       -32953.343189625535     
         916   10017.811113555952       -42991.253894294226       -32973.442780738274     
         917   11190.345436730475       -44161.367706656565       -32971.022269926092     
         918   12045.224193616390       -45005.323493999254       -32960.099300382863     
         919   12632.606221882947       -45582.944395660175       -32950.338173777229     
         920   13033.778246654987       -45979.599502464276       -32945.821255809293     
         921   13297.291583944876       -46241.842049603234       -32944.550465658358     
         922   13431.123490416272       -46377.830290049809       -32946.706799633539     
         923   13405.227166270815       -46357.308582445483       -32952.081416174668     
         924   13153.946873804238       -46114.126185182373       -32960.179311378131     
         925   12595.185720164553       -45562.187262293497       -32967.001542128943     
         926   11698.159979686810       -44661.516621615425       -32963.356641928614     
         927   10600.709957907020       -43544.630904410675       -32943.920946503655     
         928   9627.3742982611020       -42555.113591288078       -32927.739293026978     
         929   9005.4687793538506       -41948.997884394681       -32943.529105040827     
         930   8571.7310295654243       -41542.878799056460       -32971.147769491035     
         931   8004.5731787099267       -40977.393781819839       -32972.820603109911     
         932   7283.8603360025818       -40229.512300315997       -32945.651964313416     
         933   6751.1861291254618       -39667.940349306860       -32916.754220181399     
         934   6779.8799688096833       -39690.052092655307       -32910.172123845623     
         935   7452.3712161890771       -40376.776669263869       -32924.405453074789     
         936   8543.3020424759070       -41488.010324743947       -32944.708282268039     
         937   9734.3100019262311       -42689.687773003257       -32955.377771077023     
         938   10797.334951141618       -43755.883625235409       -32958.548674093792     
         939   11639.331814498606       -44594.496042492385       -32955.164227993781     
         940   12262.215045733183       -45212.439772949998       -32950.224727216817     
         941   12707.447253072936       -45653.941780487745       -32946.494527414805     
         942   13013.397865691764       -45958.386034497104       -32944.988168805343     
         943   13189.079020065703       -46138.250132599045       -32949.171112533339     
         944   13200.183043645980       -46156.032066204454       -32955.849022558476     
         945   12974.028987952721       -45940.786890552183       -32966.757902599464     
         946   12423.608275018098       -45397.348204874535       -32973.739929856441     
         947   11528.534479438784       -44496.069012720960       -32967.534533282174     
         948   10486.729044946171       -43425.514721528118       -32938.785676581945     
         949   9763.5976715003708       -42673.673100483058       -32910.075428982687     
         950   9747.6178005609618       -42669.430631856289       -32921.812831295327     
         951   10301.163055046825       -43261.350499821165       -32960.187444774339     
         952   10901.248368613838       -43889.633079623767       -32988.384711009930     
         953   11076.119879049895       -44081.377629503600       -33005.257750453704     
         954   10555.982856166604       -43568.526193781836       -33012.543337615236     
         955   9320.1912642252628       -42314.744100610566       -32994.552836385301     
         956   7803.9562931541677       -40739.160564574500       -32935.204271420334     
         957   6980.7998693007476       -39851.031504576909       -32870.231635276163     
         958   7702.0710465335951       -40596.677613869128       -32894.606567335533     
         959   9629.6575487560713       -42612.298843339842       -32982.641294583773     
         960   11570.485227744617       -44588.900706414839       -33018.415478670220     
         961   12803.962762204172       -45807.300522293044       -33003.337760088871     
         962   13328.250887961272       -46308.381081131454       -32980.130193170182     
         963   13386.722605015106       -46349.581005098866       -32962.858400083758     
         964   13192.491625577755       -46145.361566516367       -32952.869940938610     
         965   12895.134975588066       -45838.051449708604       -32942.916474120539     
         966   12608.233082741874       -45545.569820736826       -32937.336737994949     
         967   12411.531222829137       -45348.000336551457       -32936.469113722320     
         968   12326.911105457899       -45267.105708228497       -32940.194602770600     
         969   12300.581028918814       -45248.451096157078       -32947.870067238262     
         970   12235.671433501202       -45190.091129934852       -32954.419696433652     
         971   12054.075318467996       -45010.856058319005       -32956.780739851005     
         972   11740.545982133328       -44696.160060675873       -32955.614078542545     
         973   11334.618434872273       -44289.105760084683       -32954.487325212409     
         974   10881.089031286758       -43836.672977746530       -32955.583946459774     
         975   10442.785772142275       -43390.504877156891       -32947.719105014614     
         976   10215.217825975746       -43141.775946110851       -32926.558120135101     
         977   10497.289834603931       -43418.711771445727       -32921.421936841798     
         978   11328.765370689618       -44278.657091626228       -32949.891720936612     
         979   12325.107829650082       -45302.845395173696       -32977.737565523610     
         980   13049.242638294038       -46035.247410917611       -32986.004772623572     
         981   13299.970452024343       -46284.885002312200       -32984.914550287853     
         982   13060.443652186283       -46040.394804747048       -32979.951152560767     
         983   12420.576541376382       -45388.342948645288       -32967.766407268908     
         984   11601.350619257644       -44546.913216907204       -32945.562597649558     
         985   10930.254806109551       -43858.671430330083       -32928.416624220532     
         986   10653.724574278194       -43583.613657214875       -32929.889082936679     
         987   10750.694066152433       -43697.709994173390       -32947.015928020955     
         988   10984.073604929559       -43945.035689437544       -32960.962084507984     
         989   11131.787743765586       -44094.222579533285       -32962.434835767701     
         990   11128.042048088937       -44083.611337281938       -32955.569289193001     
         991   11025.694286081225       -43973.961043842166       -32948.266757760939     
         992   10892.364662025790       -43838.004480051350       -32945.639818025564     
         993   10749.786572156840       -43696.215132583449       -32946.428560426612     
         994   10579.764327559713       -43527.035420764289       -32947.271093204574     
         995   10359.533965300574       -43305.951319918284       -32946.417354617712     
         996   10081.103961678784       -43026.968355223762       -32945.864393544980     
         997   9751.0892763145403       -42696.073187252390       -32944.983910937852     
         998   9385.7741838359671       -42328.657514868384       -32942.883331032419     
         999   9009.1004673701100       -41948.805838423446       -32939.705371053336     
        1000   8658.9970578999146       -41593.680227256431       -32934.683169356518     
