         108
 
 Ar   21.124400000000001        21.124400000000001        21.124400000000001     
 Ar   21.124400000000001       -14.082933333333333       -14.082933333333333     
 Ar  -14.082933333333333        21.124400000000001       -14.082933333333333     
 Ar  -14.082933333333333       -14.082933333333333        21.124400000000001     
 Ar   21.124400000000001        21.124400000000001       -7.0414666666666665     
 Ar   21.124400000000001       -14.082933333333333        0.0000000000000000     
 Ar  -14.082933333333333        21.124400000000001        0.0000000000000000     
 Ar  -14.082933333333333       -14.082933333333333       -7.0414666666666665     
 Ar   21.124400000000001        21.124400000000001        7.0414666666666683     
 Ar   21.124400000000001       -14.082933333333333        14.082933333333337     
 Ar  -14.082933333333333        21.124400000000001        14.082933333333337     
 Ar  -14.082933333333333       -14.082933333333333        7.0414666666666683     
 Ar   21.124400000000001       -7.0414666666666665        21.124400000000001     
 Ar   21.124400000000001        0.0000000000000000       -14.082933333333333     
 Ar  -14.082933333333333       -7.0414666666666665       -14.082933333333333     
 Ar  -14.082933333333333        0.0000000000000000        21.124400000000001     
 Ar   21.124400000000001       -7.0414666666666665       -7.0414666666666665     
 Ar   21.124400000000001        0.0000000000000000        0.0000000000000000     
 Ar  -14.082933333333333       -7.0414666666666665        0.0000000000000000     
 Ar  -14.082933333333333        0.0000000000000000       -7.0414666666666665     
 Ar   21.124400000000001       -7.0414666666666665        7.0414666666666683     
 Ar   21.124400000000001        0.0000000000000000        14.082933333333337     
 Ar  -14.082933333333333       -7.0414666666666665        14.082933333333337     
 Ar  -14.082933333333333        0.0000000000000000        7.0414666666666683     
 Ar   21.124400000000001        7.0414666666666683        21.124400000000001     
 Ar   21.124400000000001        14.082933333333337       -14.082933333333333     
 Ar  -14.082933333333333        7.0414666666666683       -14.082933333333333     
 Ar  -14.082933333333333        14.082933333333337        21.124400000000001     
 Ar   21.124400000000001        7.0414666666666683       -7.0414666666666665     
 Ar   21.124400000000001        14.082933333333337        0.0000000000000000     
 Ar  -14.082933333333333        7.0414666666666683        0.0000000000000000     
 Ar  -14.082933333333333        14.082933333333337       -7.0414666666666665     
 Ar   21.124400000000001        7.0414666666666683        7.0414666666666683     
 Ar   21.124400000000001        14.082933333333337        14.082933333333337     
 Ar  -14.082933333333333        7.0414666666666683        14.082933333333337     
 Ar  -14.082933333333333        14.082933333333337        7.0414666666666683     
 Ar  -7.0414666666666665        21.124400000000001        21.124400000000001     
 Ar  -7.0414666666666665       -14.082933333333333       -14.082933333333333     
 Ar   0.0000000000000000        21.124400000000001       -14.082933333333333     
 Ar   0.0000000000000000       -14.082933333333333        21.124400000000001     
 Ar  -7.0414666666666665        21.124400000000001       -7.0414666666666665     
 Ar  -7.0414666666666665       -14.082933333333333        0.0000000000000000     
 Ar   0.0000000000000000        21.124400000000001        0.0000000000000000     
 Ar   0.0000000000000000       -14.082933333333333       -7.0414666666666665     
 Ar  -7.0414666666666665        21.124400000000001        7.0414666666666683     
 Ar  -7.0414666666666665       -14.082933333333333        14.082933333333337     
 Ar   0.0000000000000000        21.124400000000001        14.082933333333337     
 Ar   0.0000000000000000       -14.082933333333333        7.0414666666666683     
 Ar  -7.0414666666666665       -7.0414666666666665        21.124400000000001     
 Ar  -7.0414666666666665        0.0000000000000000       -14.082933333333333     
 Ar   0.0000000000000000       -7.0414666666666665       -14.082933333333333     
 Ar   0.0000000000000000        0.0000000000000000        21.124400000000001     
 Ar  -7.0414666666666665       -7.0414666666666665       -7.0414666666666665     
 Ar  -7.0414666666666665        0.0000000000000000        0.0000000000000000     
 Ar   0.0000000000000000       -7.0414666666666665        0.0000000000000000     
 Ar   0.0000000000000000        0.0000000000000000       -7.0414666666666665     
 Ar  -7.0414666666666665       -7.0414666666666665        7.0414666666666683     
 Ar  -7.0414666666666665        0.0000000000000000        14.082933333333337     
 Ar   0.0000000000000000       -7.0414666666666665        14.082933333333337     
 Ar   0.0000000000000000        0.0000000000000000        7.0414666666666683     
 Ar  -7.0414666666666665        7.0414666666666683        21.124400000000001     
 Ar  -7.0414666666666665        14.082933333333337       -14.082933333333333     
 Ar   0.0000000000000000        7.0414666666666683       -14.082933333333333     
 Ar   0.0000000000000000        14.082933333333337        21.124400000000001     
 Ar  -7.0414666666666665        7.0414666666666683       -7.0414666666666665     
 Ar  -7.0414666666666665        14.082933333333337        0.0000000000000000     
 Ar   0.0000000000000000        7.0414666666666683        0.0000000000000000     
 Ar   0.0000000000000000        14.082933333333337       -7.0414666666666665     
 Ar  -7.0414666666666665        7.0414666666666683        7.0414666666666683     
 Ar  -7.0414666666666665        14.082933333333337        14.082933333333337     
 Ar   0.0000000000000000        7.0414666666666683        14.082933333333337     
 Ar   0.0000000000000000        14.082933333333337        7.0414666666666683     
 Ar   7.0414666666666683        21.124400000000001        21.124400000000001     
 Ar   7.0414666666666683       -14.082933333333333       -14.082933333333333     
 Ar   14.082933333333337        21.124400000000001       -14.082933333333333     
 Ar   14.082933333333337       -14.082933333333333        21.124400000000001     
 Ar   7.0414666666666683        21.124400000000001       -7.0414666666666665     
 Ar   7.0414666666666683       -14.082933333333333        0.0000000000000000     
 Ar   14.082933333333337        21.124400000000001        0.0000000000000000     
 Ar   14.082933333333337       -14.082933333333333       -7.0414666666666665     
 Ar   7.0414666666666683        21.124400000000001        7.0414666666666683     
 Ar   7.0414666666666683       -14.082933333333333        14.082933333333337     
 Ar   14.082933333333337        21.124400000000001        14.082933333333337     
 Ar   14.082933333333337       -14.082933333333333        7.0414666666666683     
 Ar   7.0414666666666683       -7.0414666666666665        21.124400000000001     
 Ar   7.0414666666666683        0.0000000000000000       -14.082933333333333     
 Ar   14.082933333333337       -7.0414666666666665       -14.082933333333333     
 Ar   14.082933333333337        0.0000000000000000        21.124400000000001     
 Ar   7.0414666666666683       -7.0414666666666665       -7.0414666666666665     
 Ar   7.0414666666666683        0.0000000000000000        0.0000000000000000     
 Ar   14.082933333333337       -7.0414666666666665        0.0000000000000000     
 Ar   14.082933333333337        0.0000000000000000       -7.0414666666666665     
 Ar   7.0414666666666683       -7.0414666666666665        7.0414666666666683     
 Ar   7.0414666666666683        0.0000000000000000        14.082933333333337     
 Ar   14.082933333333337       -7.0414666666666665        14.082933333333337     
 Ar   14.082933333333337        0.0000000000000000        7.0414666666666683     
 Ar   7.0414666666666683        7.0414666666666683        21.124400000000001     
 Ar   7.0414666666666683        14.082933333333337       -14.082933333333333     
 Ar   14.082933333333337        7.0414666666666683       -14.082933333333333     
 Ar   14.082933333333337        14.082933333333337        21.124400000000001     
 Ar   7.0414666666666683        7.0414666666666683       -7.0414666666666665     
 Ar   7.0414666666666683        14.082933333333337        0.0000000000000000     
 Ar   14.082933333333337        7.0414666666666683        0.0000000000000000     
 Ar   14.082933333333337        14.082933333333337       -7.0414666666666665     
 Ar   7.0414666666666683        7.0414666666666683        7.0414666666666683     
 Ar   7.0414666666666683        14.082933333333337        14.082933333333337     
 Ar   14.082933333333337        7.0414666666666683        14.082933333333337     
 Ar   14.082933333333337        14.082933333333337        7.0414666666666683     
