 run Ekin Epot Etot 
           1   1.6408662264850544        20975.783685000009        20977.424551226493     
           2   1486.5723291626030        20785.196446827733        22271.768775990335     
           3   1689.2200367046362        20582.532885585133        22271.752922289768     
           4   1903.6895031018739        20368.046640637913        22271.736143739785     
           5   2129.7123135536176        20142.006147785542        22271.718461339158     
           6   2367.0055939116874        19904.694303306267        22271.699897217954     
           7   2615.2723647056546        19656.408109904041        22271.680474609697     
           8   2874.2019128213451        19397.458305001004        22271.660217822347     
           9   3143.4701803673565        19128.168971840554        22271.639152207910     
          10   3422.7401702429843        18848.877133887570        22271.617304130556     
          11   3711.6623678999254        18559.932333033928        22271.594700933852     
          12   4009.8751787699698        18261.696192136351        22271.571370906320     
          13   4317.0053808111170        17954.541962435062        22271.547343246180     
          14   4632.6685916059014        17638.854056418819        22271.522648024722     
          15   4956.4697494271904        17315.027566721543        22271.497316148732     
          16   5288.0036076694942        16983.467771652377        22271.471379321869     
          17   5626.8552420269207        16644.589627977861        22271.444870004780     
          18   5972.6005697830251        16298.817251591607        22271.417821374631     
          19   6324.8068805627827        15946.583386720884        22271.390267283667     
          20   6683.0333778821987        15588.328864334320        22271.362242216521     
          21   7046.8317308180167        15224.502050429412        22271.333781247427     
          22   7415.7466351069743        14855.558284889135        22271.304919996110     
          23   7789.3163829723089        14481.959311610963        22271.275694583273     
          24   8167.0734409646475        14104.172700620753        22271.246141585401     
          25   8548.5450350936444        13722.671262895263        22271.216297988907     
          26   8933.2537425185255        13337.932458625381        22271.186201143908     
          27   9320.7180890567051        12950.437799660838        22271.155888717542     
          28   9710.4531517627074        12560.672246883913        22271.125398646618     
          29   10101.971165823566        12169.123603266860        22271.094769090429     
          30   10494.782135010502        11776.281903372201        22271.064038382705     
          31   10888.394444923717        11382.638800060133        22271.033244983850     
          32   11282.315478262046        10988.686949170622        22271.002427432668     
          33   11676.052231347974        10594.919392950305        22270.971624298279     
          34   12069.111931136109        10201.828942995549        22270.940874131658     
          35   12461.002651933017        9809.9075634845631        22270.910215417578     
          36   12851.233931056555        9419.6457554697081        22270.879686526263     
          37   13239.317382664378        9031.5319430011605        22270.849325665538     
          38   13624.767308983010        8646.0518618499227        22270.819170832932     
          39   14007.101308172694        8263.6879515953260        22270.789259768018     
          40   14385.840878067605        7884.9187518378749        22270.759629905479     
          41   14760.512015035045        7510.2183032928460        22270.730318327893     
          42   15130.645807204994        7140.0555545145726        22270.701361719566     
          43   15495.779021326920        6774.8937749936022        22270.672796320523     
          44   15855.454682519776        6415.1899753614280        22270.644657881203     
          45   16209.222646189413        6061.3943354282546        22270.616981617670     
          46   16556.640161397641        5713.9496407699617        22270.589802167604     
          47   16897.272424978011        5373.2907285688707        22270.563153546882     
          48   17230.693125704616        5039.8439434024203        22270.537069107035     
          49   17556.484977833064        4714.0266036604135        22270.511581493476     
          50   17874.240243345808        4396.2464792588980        22270.486722604706     
          51   18183.561242248117        4086.9012813042277        22270.462523552345     
          52   18484.060850276295        3786.3781643459242        22270.439014622221     
          53   18775.362983394916        3495.0532418415169        22270.416225236433     
          54   19057.103068477063        3213.2911154395606        22270.394183916622     
          55   19328.928499578073        2941.4444186699870        22270.372918248060     
          56   19590.499079232435        2679.8533756129714        22270.352454845408     
          57   19841.487444220602        2428.8453750985773        22270.332819319177     
          58   20081.579475273786        2188.7345609700265        22270.314036243813     
          59   20310.474690203348        1959.8214389235400        22270.296129126888     
          60   20527.886619963014        1742.3925004166736        22270.279120379688     
          61   20733.543167173313        1536.7198641158977        22270.263031289211     
          62   20927.186946659149        1343.0609353321245        22270.247881991272     
          63   21108.575607575316        1161.6580838704613        22270.233691445777     
          64   21277.482136715291        992.73834069730924        22270.220477412600     
          65   21433.695142625002        836.51311380448374        22270.208256429487     
          66   21577.019120165434        693.17792362593445        22270.197043791370     
          67   21707.274695192871        562.91215833821502        22270.186853531086     
          68   21824.298849051214        445.87884935094405        22270.177698402160     
          69   21927.945122594236        342.22446726823023        22270.169589862468     
          70   22018.083799483578        252.07873857643375        22270.162538060013     
          71   22094.602068532804        175.55448328768242        22270.156551820488     
          72   22157.404164893389        112.74747374232989        22270.151638635718     
          73   22206.411489907678        63.736314747075717        22270.147804654753     
          74   22241.562709477159        28.582345198753838        22270.145054675912     
          75   22262.813830823936        7.3295613169113354        22270.143392140846     
          76   22270.138257549086        4.5615812553891407E-003   22270.142819130342     
          77   22263.526822918608        6.6165134428788361        22270.143336361485     
          78   22242.987801336021        27.157141850927452        22270.144943186948     
          79   22208.546897986707        61.600739609067809        22270.147637595775     
          80   22160.247216666976        109.90419954879410        22270.151416215769     
          81   22098.149205838636        172.00706847930866        22270.156274317946     
          82   22022.330582975785        247.83162284645596        22270.162205822242     
          83   21932.886237299139        337.28296600601976        22270.169203305159     
          84   21829.928111019497        440.24914698964415        22270.177258009142     
          85   21713.585059238798        556.60130061474501        22270.186359853542     
          86   21584.002688684061        686.19380876303978        22270.196497447101     
          87   21441.343175476446        828.86448262588601        22270.207658102332     
          88   21285.785062163071        984.43476568830374        22270.219827851375     
          89   21117.523034265756        1152.7099571976723        22270.232991463428     
          90   20936.767676626390        1333.4794558374088        22270.247132463799     
          91   20743.745209854031        1526.5170233006659        22270.262233154695     
          92   20538.697207202851        1731.5810674341778        22270.278274637029     
          93   20321.880292236652        1948.4149445978994        22270.295236834550     
          94   20093.565817656468        2176.7472808620159        22270.313098518483     
          95   19854.039525695192        2416.2923116393304        22270.331837334525     
          96   19603.601190502337        2666.7502393280233        22270.351429830360     
          97   19342.564242968427        2927.8076085170601        22270.371851485488     
          98   19071.255378456757        3199.1376982848215        22270.393076741580     
          99   18790.014147934708        3480.4009310998877        22270.415079034596     
         100   18499.192533015877        3771.2452978122046        22270.437830828083     
         101   18199.154505444651        4071.3067982028269        22270.461303647477     
         102   17890.275571574955        4380.2098965408677        22270.485468115825     
         103   17572.942302413285        4697.5679915773444        22270.510293990628     
         104   17247.551849813561        5022.9839003880143        22270.535750201576     
         105   16914.511449430123        5356.0503554593588        22270.561804889483     
         106   16574.237911050339        5696.3505143957736        22270.588425446113     
         107   16227.157096945064        6043.4584816100341        22270.615578555098     
         108   15873.703388889466        6396.9398413440149        22270.643230233480     
         109   15514.319144521709        6756.3522013527481        22270.671345874456     
         110   15149.454143719273        7121.2457465711623        22270.699890290434     
         111   14779.565025686388        7491.1638020708469        22270.728827757237     
         112   14405.114717456696        7865.6434046020577        22270.758122058753     
         113   14026.571854526697        8244.2158820056738        22270.787736532373     
         114   13644.410194344462        8626.4074397701988        22270.817634114661     
         115   13259.108023388655        9011.7397539993399        22270.847777387993     
         116   12871.147558578776        9399.7305700483157        22270.878128627090     
         117   12481.014343766772        9789.8943060797828        22270.908649846555     
         118   12089.196642064679        10181.742660783500        22270.939302848179     
         119   11696.184824769025        10574.785224499768        22270.970049268792     
         120   11302.470757646957        10968.530092981460        22271.000850628418     
         121   10908.547185351708        11362.484483026510        22271.031668378218     
         122   10514.907114738377        11756.155349210505        22271.062463948881     
         123   10122.043197851448        12149.050000947402        22271.093198798852     
         124   9730.4471153563336        12540.676719106243        22271.123834462574     
         125   9340.6089611866937        12930.545371411890        22271.154332598584     
         126   8953.0166291775386        13318.168025860146        22271.184655037687     
         127   8568.1552024518242        13703.059561378495        22271.214763830321     
         128   8186.5063463248634        14084.738274969657        22271.244621294521     
         129   7808.5477054859639        14462.726484576822        22271.274190062788     
         130   7434.7523062122727        14836.551126916667        22271.303433128938     
         131   7065.5879643625649        15205.744349531898        22271.332313894462     
         132   6701.5166998919367        15569.844096322273        22271.360796214209     
         133   6342.9941586203968        15928.394685821284        22271.388844441681     
         134   5990.4690419788767        16280.947381494894        22271.416423473769     
         135   5644.3825454462294        16627.060953348286        22271.443498794513     
         136   5305.1678063801637        16966.302230138128        22271.470036518291     
         137   4973.2493619332281        17298.246641499180        22271.496003432407     
         138   4649.0426177322279        17622.478749306301        22271.521367038527     
         139   4332.9533279858415        17938.592767607486        22271.546095593327     
         140   4025.3770876714484        18246.193070476882        22271.570158148330     
         141   3726.6988374364441        18544.894687152060        22271.593524588505     
         142   3437.2923818337727        18834.323783836324        22271.616165670097     
         143   3157.5199214946342        19114.118131562453        22271.638053057086     
         144   2887.7315998237618        19383.927559533084        22271.659159356845     
         145   2628.2650647848013        19643.414393369359        22271.679458154162     
         146   2379.4450463239650        19892.253877720581        22271.698924044547     
         147   2141.5829499610472        20130.134582704792        22271.717532665840     
         148   1914.9764670563129        20356.758793672496        22271.735260728808     
         149   1699.9092022410687        20571.842883805188        22271.752086046257     
         150   1496.6503184781820        20775.117669082658        22271.767987560841     
         151   1305.4542001967761        20966.328745174531        22271.782945371306     
         152   1126.5601349226865        21145.236805834862        22271.796940757547     
         153   960.19201380313439        21311.617942400811        22271.809956203946     
         154   806.55805140041264        21465.263924020797        22271.821975421211     
         155   665.85052510528828        21605.982458261751        22271.832983367040     
         156   538.24553449622351        21733.597431768405        22271.842966264627     
         157   423.90278094562115        21847.949130674457        22271.851911620077     
         158   322.96536774888125        21948.894440489068        22271.859808237950     
         159   235.55962102645853        22036.307025209102        22271.866646235561     
         160   161.79493162302344        22110.077485431801        22271.872417054823     
         161   101.76361820163403        22170.113495271809        22271.877113473445     
         162   55.540811704226954        22216.339917909452        22271.880729613680     
         163   23.184361323052279        22248.698899626826        22271.883260949879     
         164   4.7347621007190828        22267.149942213255        22271.884704313972     
         165  0.21510424946728238        22271.669953650024        22271.885057899490     
         166   9.6310442530925027        22262.253277010892        22271.884321263984     
         167   32.970797787691424        22238.911697541691        22271.882495329381     
         168   70.205154470087479        22201.674427910759        22271.879582380847     
         169   121.28751441547811        22150.588071648588        22271.875586064067     
         170   186.15394655855198        22085.716564821949        22271.870511380501     
         171   264.72326866508416        22007.141096016268        22271.864364681354     
         172   356.89714893387247        21914.960004725333        22271.857153659206     
         173   462.56022906185979        21809.288658277186        22271.848887339045     
         174   581.58026861841756        21690.259307447926        22271.839576066344     
         175   713.80831054810949        21558.020920946361        22271.829231494470     
         176   859.07886759479140        21412.738998975146        22271.817866569938     
         177   1017.2101294137562        21254.595366102469        22271.805495516226     
         178   1188.0041901126731        21083.787943703494        22271.792133816165     
         179   1371.2472959366071        20900.530502255628        22271.777798192234     
         180   1566.7101127870785        20705.052393798840        22271.762506585917     
         181   1774.1480132403872        20497.598264894739        22271.746278135128     
         182   1993.3013827059697        20278.427750444222        22271.729133150191     
         183   2223.8959443416602        20047.815148746929        22271.711093088590     
         184   2465.6431023191485        19806.049078208864        22271.692180528011     
         185   2718.2403030100982        19553.432116127951        22271.672419138049     
         186   2981.3714136408435        19290.280420009814        22271.651833650656     
         187   3254.7071179417826        19016.923331887392        22271.630449829176     
         188   3537.9053282963455        18733.702966139739        22271.608294436086     
         189   3830.6116138735683        18440.973781325953        22271.585395199520     
         190   4132.4596442086822        18139.102136569825        22271.561780778509     
         191   4443.0716476763755        17828.465833050857        22271.537480727231     
         192   4762.0588842830120        17509.453641174885        22271.512525457896     
         193   5089.0221321860836        17182.464814016650        22271.486946202735     
         194   5423.5521873320095        16847.908587642967        22271.460774974978     
         195   5765.2303755869534        16506.203668941664        22271.434044528618     
         196   6113.6290767197452        16157.777711597902        22271.406788317647     
         197   6468.3122595810646        15803.066780872854        22271.379040453918     
         198   6828.8360278092086        15442.514807855590        22271.350835664798     
         199   7194.7491753792447        15076.573033870156        22271.322209249400     
         200   7565.5937513006756        14705.699445733750        22271.293197034425     
         201   7940.9056327563712        14330.358202573214        22271.263835329584     
         202   8320.2151059658318        13951.019054916065        22271.234160881897     
         203   8703.0474540457726        13568.156756784023        22271.204210829797     
         204   9088.9235511321076        13182.250471524529        22271.174022656636     
         205   9477.3604620199803        12793.783172123831        22271.143634143809     
         206   9867.8720465712595        12403.241036752170        22271.113083323427     
         207   10259.969568133130        12011.112840297572        22271.082408430702     
         208   10653.162305206351        11617.889342649869        22271.051647856220     
         209   11046.958165597400        11224.062674500283        22271.020840097684     
         210   11440.864302286369        10830.125721425547        22270.990023711915     
         211   11834.387730239310        10436.571507027227        22270.959237266536     
         212   12227.035943393465        10043.892575898213        22270.928519291680     
         213   12618.317531042914        9652.5803771888586        22270.897908231775     
         214   13007.742792853518        9263.1246495439591        22270.867442397477     
         215   13394.824351737092        8876.0128081805524        22270.837159917646     
         216   13779.077763818126        8491.7293348735730        22270.807098691701     
         217   14160.022124729465        8110.7551716126691        22270.777296342134     
         218   14537.180671478069        7733.5671186894051        22270.747790167472     
         219   14910.081379127927        7360.6372379676031        22270.718617095532     
         220   15278.257551553044        6992.4322620842695        22270.689813637313     
         221   15641.248405521124        6629.4130103199959        22270.661415841121     
         222   15998.599647377479        6272.0338118702075        22270.633459247685     
         223   16349.864041606594        5920.7419372388704        22270.605978845466     
         224   16694.601970560561        5575.9770384664262        22270.579009026987     
         225   17032.381984653370        5238.1705988924023        22270.552583545774     
         226   17362.781342332637        4907.7453931414311        22270.526735474068     
         227   17685.386539153078        4585.1149580084411        22270.501497161520     
         228   17999.793825289271        4270.6830749053088        22270.476900194579     
         229   18305.609710840516        3964.8432645165799        22270.452975357097     
         230   18602.451458294861        3667.9782942968859        22270.429752591746     
         231   18889.947561536090        3380.4596994262788        22270.407260962369     
         232   19167.738210794872        3102.6473178231022        22270.385528617975     
         233   19435.475742960967        2834.8888397963442        22270.364582757313     
         234   19692.825076693560        2577.5193729010234        22270.344449594584     
         235   19939.464131785782        2330.8610225413308        22270.325154327114     
         236   20175.084232257155        2095.2224888463024        22270.306721103458     
         237   20399.390492670787        1870.8986803225794        22270.289172993365     
         238   20612.102187190976        1658.1703447678301        22270.272531958806     
         239   20812.953100919920        1457.3037179066282        22270.256818826547     
         240   21001.691863073207        1268.5501901887353        22270.242053261944     
         241   21178.082261578053        1092.1459921665551        22270.228253744608     
         242   21341.903538699295        928.31189884572439        22270.215437545019     
         243   21492.950667324254        777.25295337874286        22270.203620702996     
         244   21631.034607560214        639.15821044748066        22270.192818007694     
         245   21755.982543323298        514.20049965571718        22270.183042979017     
         246   21867.638098622774        402.53620922784620        22270.174307850619     
         247   21965.861533270450        304.30509028445107        22270.166623554902     
         248   22050.529917769141        219.63008193968847        22270.159999708831     
         249   22121.537287163112        148.61715743940184        22270.154444602515     
         250   22178.794773655645        91.355191532506936        22270.149965188153     
         251   22222.230717830316        47.915849241649092        22270.146567071966     
         252   22251.790758334479        18.353496172333767        22270.144254506813     
         253   22267.437899914119        2.7051304727838321        22270.143030386902     
         254   22269.152559714537       0.99033652967648089        22270.142896244215     
         255   22256.932591789027        13.211260457711386        22270.143852246740     
         256   22230.793289784182        39.352607413685426        22270.145897197868     
         257   22190.767367799996        79.381660738435727        22270.149028538432     
         258   22136.904919446632        133.24832290269404        22270.153242349326     
         259   22069.273355151403        200.88517820560759        22270.158533357011     
         260   21987.957317791996        282.20757714745724        22270.164894939451     
         261   21893.058576764066        377.11374237097971        22270.172319135047     
         262   21784.695900613562        485.48489603870172        22270.180796652265     
         263   21663.004908394178        607.18540848687110        22270.190316881050     
         264   21528.137899936803        742.06296796994536        22270.200867906748     
         265   21380.263665241149        889.94877128318785        22270.212436524336     
         266   21219.567273230528        1050.6577350248031        22270.225008255333     
         267   21046.249840132714        1223.9887272332314        22270.238567365945     
         268   20860.528277776841        1409.7248191096592        22270.253096886499     
         269   20662.635022122155        1607.6335565107563        22270.268578632909     
         270   20452.817742357449        1817.4672508718245        22270.284993229274     
         271   20231.339030935978        2038.9632891962542        22270.302320132232     
         272   19998.476074933289        2271.8444627233853        22270.320537656673     
         273   19754.520309139549        2515.8193138633492        22270.339623002899     
         274   19499.777051320190        2770.5825009647515        22270.359552284943     
         275   19234.565120102077        3035.8151804586787        22270.380300560755     
         276   18959.216435962593        3311.1854059007310        22270.401841863324     
         277   18674.075605821341        3596.3485434116942        22270.424149233037     
         278   18379.499491754646        3890.9477029969053        22270.447194751552     
         279   18075.856764372311        4194.6141852044784        22270.470949576789     
         280   17763.527441415263        4506.9679425634840        22270.495383978749     
         281   17442.902412152802        4827.6180552244114        22270.520467377213     
         282   17114.382948172719        5156.1632202068167        22270.546168379537     
         283   16778.380201178479        5492.1922536416951        22270.572454820176     
         284   16435.314688420705        5835.2846053801113        22270.599293800817     
         285   16085.615766407756        6185.0108853239799        22270.626651731734     
         286   15729.721093553353        6540.9334008203359        22270.654494373688     
         287   15368.076082434305        6902.6067044464808        22270.682786880785     
         288   15001.133342343770        7269.5781515003919        22270.711493844163     
         289   14629.352112837314        7641.3884664988309        22270.740579336147     
         290   14253.197688981469        8017.5723179739853        22270.770006955456     
         291   13873.140839023075        8397.6589008494666        22270.799739872542     
         292   13489.657215209270        8781.1725256665377        22270.829740875808     
         293   13103.226758494724        9167.6332139233145        22270.859972418039     
         294   12714.333097881614        9556.5572987820869        22270.890396663701     
         295   12323.462945143656        9947.4580303922266        22270.920975535882     
         296   11931.105485692187        10339.846185072085        22270.951670764272     
         297   11537.751766346371        10733.230677586496        22270.982443932866     
         298   11143.894080773689        11127.119175754458        22271.013256528146     
         299   10750.025353370127        11521.018716617164        22271.044069987292     
         300   10356.638522350762        11914.436323395552        22271.074845746312     
         301   9964.2259228233579        12306.879622465091        22271.105545288447     
         302   9573.2786706164643        12697.857459575904        22271.136130192368     
         303   9184.2860476336518        13086.880514546479        22271.166562180129     
         304   8797.7348895029845        13473.461913662211        22271.196803165196     
         305   8414.1089762879128        13857.117839012200        22271.226815300113     
         306   8033.8884270225026        14237.368134001366        22271.256561023867     
         307   7657.5490988283000        14613.736904280464        22271.286003108762     
         308   7285.5619913653909        14985.753113341758        22271.315104707148     
         309   6918.3926573625495        15352.951172035069        22271.343829397618     
         310   6556.5006199642403        15714.871521266052        22271.372141230291     
         311   6200.3387976242248        16071.061207147864        22271.400004772091     
         312   5850.3529372647081        16421.074447886327        22271.427385151037     
         313   5506.9810564111231        16764.473191688587        22271.454248099712     
         314   5170.6528950003976        17100.827664998029        22271.480559998425     
         315   4841.7893775488756        17429.716910368112        22271.506287916985     
         316   4520.8020863529709        17750.729313303269        22271.531399656240     
         317   4208.0927463819107        18063.463117406151        22271.555863788060     
         318   3904.0527225072306        18367.526927187628        22271.579649694857     
         319   3609.0625296981666        18662.540197909773        22271.602727607940     
         320   3323.4913567961003        18948.133711848452        22271.625068644553     
         321   3047.6966044638975        19223.950040380398        22271.646644844295     
         322   2782.0234378885784        19489.643991315294        22271.667429203873     
         323   2526.8043547970001        19744.883040914061        22271.687395711062     
         324   2282.3587693252175        19989.347750052024        22271.706519377243     
         325   2048.9926122623774        20222.732164006156        22271.724776268533     
         326   1826.9979481694188        20444.744195366507        22271.742143535925     
         327   1616.6526098517070        20655.105989592077        22271.758599443783     
         328   1418.2198506432096        20853.554272753838        22271.774123397048     
         329   1231.9480149372177        21039.840681029807        22271.788695967025     
         330   1058.0702273761115        21213.732071539624        22271.802298915736     
         331   896.80410108906040        21375.010814129622        22271.814915218682     
         332   748.35146534281682        21523.475063743423        22271.826529086240     
         333   612.89811294652168        21658.939013036732        22271.837125983253     
         334   490.61356772655859        21781.233124920836        22271.846692647396     
         335   381.65087236254061        21890.204344743193        22271.855217105734     
         336   286.14639684992869        21985.716291839770        22271.862688689700     
         337   204.21966782899585        22067.649430219291        22271.869098048286     
         338   135.97321899374873        22135.901218166295        22271.874437160044     
         339   81.492462768015244        22190.386236574937        22271.878699342953     
         340   40.845583409300211        22231.036295853402        22271.881879262703     
         341   14.083451674196827        22257.800521265417        22271.883972939613     
         342   1.2395611521489183        22270.645416601175        22271.884977753325     
         343   2.3299863472454465        22269.554906099027        22271.884892446273     
         344   17.353362560509328        22254.530354564762        22271.883717125271     
         345   46.290887597858003        22225.590565663428        22271.881453261285     
         346   89.106345301598481        22182.771758385905        22271.878103687504     
         347   145.74615087600623        22126.127521720096        22271.873672596103     
         348   216.13941795026221        22055.728747582420        22271.868165532680     
         349   300.19804729481604        21971.663542094706        22271.861589389522     
         350   397.81683708014441        21874.037115316645        22271.853952396788     
         351   508.87361453991446        21762.971649572664        22271.845264112580     
         352   633.22938887376495        21638.606146536560        22271.835535410326     
         353   770.72852519835601        21501.096253267555        22271.824778465911     
         354   921.19893932897548        21350.614067412884        22271.813006741861     
         355   1084.4523131479064        21187.347921823028        22271.800234970935     
         356   1260.2843302900637        21011.502148847281        22271.786479137343     
         357   1448.4749318508962        20823.296824605983        22271.771756456877     
         358   1648.7885917965184        20622.967493558965        22271.756085355482     
         359   1860.9746117314239        20410.764873714459        22271.739485445883     
         360   2084.7674346548611        20186.954542848638        22271.721977503497     
         361   2319.8869773131628        19951.816606126755        22271.703583439918     
         362   2566.0389807321162        19705.645345543784        22271.684326275899     
         363   2822.9153784906812        19448.748851621556        22271.664230112237     
         364   3090.1946822750770        19181.448637824986        22271.643320100062     
         365   3367.5423842308451        18904.079238177841        22271.621622408686     
         366   3654.6113756091477        18616.987788584342        22271.599164193489     
         367   3951.0423811835544        18320.533592378062        22271.575973561616     
         368   4256.4644088934338        18015.087670643326        22271.552079536759     
         369   4570.4952141513813        17701.032297871596        22271.527512022978     
         370   4892.7417782334760        17378.760523533765        22271.502301767243     
         371   5222.8008001536728        17048.675680167329        22271.476480321002     
         372   5560.2592014068132        16711.190878593650        22271.450080000464     
         373   5904.6946429483914        16366.728490898018        22271.423133846409     
         374   6255.6760537642176        16015.719621818569        22271.395675582786     
         375   6612.7641703683712        15658.603569205987        22271.367739574358     
         376   6975.5120865543367        15295.827274229565        22271.339360783903     
         377   7343.4658127110742        14927.844762017239        22271.310574728312     
         378   7716.1648440043700        14555.116573429703        22271.281417434075     
         379   8093.1427367120232        14178.109188680452        22271.251925392477     
         380   8473.9276919918448        13797.294443521821        22271.222135513664     
         381   8858.0431463516088        13413.148938728911        22271.192085080518     
         382   9245.0083680822590        13026.153443619809        22271.161811702070     
         383   9634.3390589076207        12636.792294358705        22271.131353266326     
         384   10025.547960097903        12245.552787794984        22271.100747892888     
         385   10418.145462288152        11852.924571597132        22271.070033885284     
         386   10811.640218238737        11459.399031444271        22271.039249683010     
         387   11205.539757770730        11065.468676042654        22271.008433813382     
         388   11599.351104106681        10671.626520736620        22270.977624843301     
         389   11992.581390845620        10278.365470485565        22270.946861331184     
         390   12384.738478799511        9886.1777029789209        22270.916181778433     
         391   12775.331571920031        9495.5540526613713        22270.885624581402     
         392   13163.871831543984        9106.9833964393183        22270.855227983302     
         393   13549.872988189332        8720.9520418370666        22270.825030026397     
         394   13932.851950135489        8337.9431183687720        22270.795068504260     
         395   14312.329408026837        7958.4359728878417        22270.765380914680     
         396   14687.830434742305        7582.9055696701244        22270.736004412429     
         397   15058.885079780704        7211.8218959824972        22270.706975763202     
         398   15425.028957417184        6845.6493738799245        22270.678331297109     
         399   15785.803827895841        6484.8462789677342        22270.650106863577     
         400   16140.758170929967        6129.8641668563059        22270.622337786273     
         401   16489.447750792919        5781.1473080260894        22270.595058819010     
         402   16831.436172292182        5439.1321318100272        22270.568304102209     
         403   17166.295426930665        5104.2466801895689        22270.542107120233     
         404   17493.606428571729        4776.9100720876140        22270.516500659345     
         405   17812.959537937786        4457.5319788289344        22270.491516766720     
         406   18123.955075285950        4146.5121114245640        22270.467186710513     
         407   18426.203820618721        3844.2397203217497        22270.443540940469     
         408   18719.327500804233        3551.0931082457132        22270.420609049947     
         409   19002.959262996199        3267.4391567426937        22270.398419738893     
         410   19276.744133760843        2993.6328670169987        22270.377000777844     
         411   19540.339463336670        2730.0169156366223        22270.356378973291     
         412   19793.415354470544        2476.9212256635037        22270.336580134048     
         413   20035.655075293627        2234.6625537452173        22270.317629038844     
         414   20266.755455720904        2003.5440936847267        22270.299549405630     
         415   20486.427266877039        1783.8550969845255        22270.282363861566     
         416   20694.395583074926        1575.8705108399088        22270.266093914834     
         417   20890.400125893251        1379.8506340345411        22270.250759927792     
         418   21074.195589922383        1196.0407911689288        22270.236381091312     
         419   21245.551949771496        1024.6710256295119        22270.222975401008     
         420   21404.254747951745        865.95581168264516        22270.210559634390     
         421   21550.105363276434        720.09378605379823        22270.199149330234     
         422   21682.921259440976        587.26749932788755        22270.188758768865     
         423   21802.536213472453        467.64318748188811        22270.179400954341     
         424   21908.800523762609        361.37056383565562        22270.171087598264     
         425   22001.581197423689        268.58263168133215        22270.163829105022     
         426   22080.762116732963        189.39551782584388        22270.157634558807     
         427   22146.244184457570        123.90832725480776        22270.152511712378     
         428   22197.945447877300        72.203019099751089        22270.148466977051     
         429   22235.801201351016        34.344304063862545        22270.145505414879     
         430   22259.764067297740        10.379563434657983        22270.143630732397     
         431   22269.804055490978       0.33878978491551098        22270.142845275896     
         432   22265.908600592207        4.2345494360945279        22270.143150028303     
         433   22248.082577876998        22.061966731217481        22270.144544608214     
         434   22216.348297133412        53.798730136896999        22270.147027270308     
         435   22170.745474740612        99.405120166871399        22270.150594907482     
         436   22111.331183962546        158.82405909210189        22270.155243054647     
         437   22038.179783519419        231.98118237521783        22270.160965894636     
         438   21951.382824525081        318.78493173990518        22270.167756264986     
         439   21851.048935908744        419.12666975876573        22270.175605667511     
         440   21737.303688462129        532.88081581622919        22270.184504278357     
         441   21610.289437684314        659.90500327636119        22270.194440960677     
         442   21470.165145619616        800.04025765886308        22270.205403278480     
         443   21317.106181911695        953.11119560028317        22270.217377511977     
         444   21151.304104323739        1118.9262443514122        22270.230348675152     
         445   20972.966418998083        1297.2778815361767        22270.244300534261     
         446   20782.316320756108        1487.9428948719506        22270.259215628059     
         447   20579.592413763599        1690.6826615262516        22270.275075289850     
         448   20365.048412910754        1905.2434467601715        22270.291859670924     
         449   20138.952826280198        2131.3567214848376        22270.309547765035     
         450   19901.588619101654        2368.7394983333888        22270.328117435041     
         451   19653.252859612559        2617.0946858279203        22270.347545440480     
         452   19394.256347268401        2876.1114601981685        22270.367807466570     
         453   19124.923223768386        3145.4656543865322        22270.388878154918     
         454   18845.590567382231        3424.8201637526099        22270.410731134842     
         455   18556.607971087236        3713.8253679694790        22270.433339056715     
         456   18258.337105042287        4012.1195685837952        22270.456673626082     
         457   17951.151263947104        4319.3294416919271        22270.480705639031     
         458   17635.434899853059        4635.0705051657242        22270.505405018783     
         459   17311.583141010226        4958.9475998431753        22270.530740853399     
         460   16980.001297352715        5290.5553840815919        22270.556681434307     
         461   16641.104353241597        5629.4788410545088        22270.583194296105     
         462   16295.316448099769        5975.2937981574096        22270.610246257180     
         463   15943.070345589116        6327.5674578721173        22270.637803461235     
         464   15584.806891994114        6685.8589394254468        22270.665831419559     
         465   15220.974464489867        7049.7198305645143        22270.694295054382     
         466   14852.028409985045        7418.6947487576199        22270.723158742665     
         467   14478.430475241737        7792.3219111188937        22270.752386360633     
         468   14100.648228986018        8170.1337123430185        22270.781941329034     
         469   13719.154476732165        8551.6573099268880        22270.811786659055     
         470   13334.426669052373        8936.4152159459300        22270.841884998303     
         471   12946.946304033823        9323.9258946440241        22270.872198677847     
         472   12557.198324669560        9713.7043650897012        22270.902689759263     
         473   12165.670511938179        10105.262808143869        22270.933320082047     
         474   11772.852874331713        10498.111176979737        22270.964051311450     
         475   11379.237034595712        10891.757810390736        22270.994844986446     
         476   10985.315614449019        11285.710048118861        22271.025662567881     
         477   10591.581618053247        11679.474847433390        22271.056465486639     
         478   10198.527815003725        12072.559400188213        22271.087215191939     
         479   9806.6461236139621        12464.471749585688        22271.117873199648     
         480   9416.4269952654486        12854.721405874927        22271.148401140374     
         481   9028.3588005935380        13242.819960213988        22271.178760807525     
         482   8642.9272182772202        13628.281695927795        22271.208914205017     
         483   8260.6146271981543        14010.624196396921        22271.238823595075     
         484   7881.8995027293395        14389.368948815838        22271.268451545177     
         485   7507.2558179092921        14764.041943065833        22271.297760975125     
         486   7137.1524502508673        15134.174264952391        22271.326715203257     
         487   6772.0525949274188        15499.302683065158        22271.355277992578     
         488   6412.4131850704698        15858.970228525337        22271.383413595806     
         489   6058.6843199045898        16212.726766895947        22271.411086800537     
         490   5711.3087014350376        16560.129561537862        22271.438262972901     
         491   5370.7210803932976        16900.743827707836        22271.464908101134     
         492   5037.3477121338210        17234.143276704239        22271.490988838061     
         493   4711.6058231630250        17559.910649379806        22271.516472542833     
         494   4393.9030889681189        17877.638238353815        22271.541327321935     
         495   4084.6371237993203        18186.928398269545        22271.565522068864     
         496   3784.1949830440358        18487.394043459131        22271.589026503167     
         497   3492.9526788157018        18778.659132392640        22271.611811208342     
         498   3211.2747093636735        19060.359138305030        22271.633847668701     
         499   2939.5136028930287        19332.141505411921        22271.655108304949     
         500   2678.0094763651809        19593.666090143604        22271.675566508784     
         501   2427.0896098315911        19844.605586844606        22271.695196676195     
         502   2187.0680368332523        20084.645937406167        22271.713974239421     
         503   1958.2451513785009        20313.486724319275        22271.731875697777     
         504   1740.9073319911677        20530.841546655982        22271.748878647151     
         505   1535.3265832994741        20736.438378508232        22271.764961807705     
         506   1341.7601956143149        20930.019909436720        22271.780105051035     
         507   1160.4504229229049        21111.343866501971        22271.794289424877     
         508   991.62417970084755        21280.183317476192        22271.807497177040     
         509   835.49275692203400        21436.326954855715        22271.819711777749     
         510   692.25155762183147        21579.579360318094        22271.830917939926     
         511   562.07985234446437        21709.761249294348        22271.841101638813     
         512   445.14055478069912        21826.709695348476        22271.850250129177     
         513   341.58001787660299        21930.278334084840        22271.858351961444     
         514   251.52785066855381        22020.337546327402        22271.865396995956     
         515   175.09675607375095        22096.774620341861        22271.871376415613     
         516   112.38238983921892        22159.493892897746        22271.876282736965     
         517   63.463240825847350        22208.416868993878        22271.880109819725     
         518   28.400532777291172        22243.482320096762        22271.882852874052     
         519   7.2381476966654272        22264.646360770344        22271.884508467010     
         520   2.5709269373227063E-003   22271.882503599627        22271.885074526563     
         521   6.7028580037463037        22265.181692340462        22271.884550344210     
         522   27.330623322136553        22244.552313253938        22271.882936576076     
         523   61.860050631386507        22210.020184610450        22271.880235241835     
         524   110.24792534480065        22161.628524377364        22271.876449722164     
         525   172.43368862402667        22099.437896130868        22271.871584754896     
         526   248.33951317021084        22023.526133258387        22271.865646428596     
         527   337.87040062713385        21933.988241548137        22271.858642175270     
         528   440.91430047443026        21830.936280286518        22271.850580760947     
         529   557.34225026208560        21714.499222012662        22271.841472274748     
         530   687.00853701070866        21584.822791105453        22271.831328116161     
         531   829.75087957558230        21442.069281405376        22271.820160980958     
         532   985.39063174625380        21286.417353098797        22271.807984845051     
         533   1153.7330058274854        21118.061809119870        22271.794814947356     
         534   1334.5673164217442        20937.213351348495        22271.780667770239     
         535   1527.6672441081230        20744.098316911284        22271.765561019409     
         536   1732.7911186877232        20538.958394913625        22271.749513601349     
         537   1949.6822216409435        20322.050323958942        22271.732545599883     
         538   2178.0691074182259        20093.645570832763        22271.714678250988     
         539   2417.6659431620697        19854.029990754105        22271.695933916173     
         540   2668.1728664352127        19603.503469619263        22271.676336054476     
         541   2929.2763605072237        19342.379548686036        22271.655909193261     
         542   3200.6496467298512        19070.985032167431        22271.634678897281     
         543   3481.9530935100329        18789.659578226838        22271.612671736872     
         544   3772.8346413687768        18498.755273885887        22271.589915254663     
         545   4072.9302435538671        18198.636194377188        22271.566437931055     
         546   4381.8643216549781        17889.677947493627        22271.542269148606     
         547   4699.2502356510804        17572.267203504172        22271.517439155254     
         548   5024.6907678016805        17246.801211224752        22271.491979026432     
         549   5357.7786197764362        16913.687300849819        22271.465920626255     
         550   5698.0969224009032        16573.342374166670        22271.439296567572     
         551   6045.2197573804860        16226.192382790707        22271.412140171193     
         552   6398.7126903496228        15872.671795074486        22271.384485424111     
         553   6758.1333145790741        15513.223052357962        22271.356366937034     
         554   7123.0318046608872        15148.296015240225        22271.327819901111     
         555   7492.9514794780462        14778.347400565770        22271.298880043818     
         556   7867.4293737541029        14403.840209830025        22271.269583584130     
         557   8245.9968174679398        14025.243149719527        22271.239967187466     
         558   8628.1800224078306        13643.030045511827        22271.210067919659     
         559   9013.5006751312667        13257.679248069213        22271.179923200478     
         560   9401.4765355882464        12869.673035168684        22271.149570756930     
         561   9791.6220406587290        12479.497007917229        22271.119048575958     
         562   10183.448911849080        12087.639483007897        22271.088394856975     
         563   10576.466766386840        11694.590881577196        22271.057647964037     
         564   10970.183730949142        11300.843115428617        22271.026846377761     
         565   11364.107057256480        10906.888971390727        22270.996028647205     
         566   11757.743738761608        10513.221494580048        22270.965233341656     
         567   12150.601127661663        10120.333371340756        22270.934499002418     
         568   12542.187551461127        9728.7163126331852        22270.903864094311     
         569   12932.012928314543        9338.8604386433381        22270.873366957880     
         570   13319.589380378053        8951.2536653831066        22270.843045761161     
         571   13704.431844402903        8566.3810940491185        22270.812938452022     
         572   14086.058678806210        8184.7244039044463        22270.783082710655     
         573   14463.992266459438        7806.7612494429395        22270.753515902376     
         574   14837.759612440208        7432.9646625906507        22270.724275030858     
         575   15206.892935999369        7063.8024606926328        22270.695396692001     
         576   15570.930256002071        6699.7366610257795        22270.666917027851     
         577   15929.415969110727        6341.2229025707675        22270.638871681494     
         578   16281.901419986023        5988.7098757665572        22270.611295752580     
         579   16627.945462791962        5642.6387609612002        22270.584223753161     
         580   16967.115013302868        5303.4426762617322        22270.557689564601     
         581   17298.985590920976        4971.5461354742538        22270.531726395231     
         582   17623.141849926269        4647.3645168124494        22270.506366738718     
         583   17939.178099293738        4331.3035430396676        22270.481642333405     
         584   18246.698810427602        4023.7587736950386        22270.457584122640     
         585   18545.319112176821        3725.1151100391071        22270.434222215928     
         586   18834.665272512706        3435.7463133386877        22270.411585851394     
         587   19114.375166265370        3156.0145370937721        22270.389703359142     
         588   19384.098728333913        2886.2698737917931        22270.368602125705     
         589   19643.498391803299        2626.8499167566429        22270.348308559944     
         590   19892.249510419020        2378.0793376408069        22270.328848059828     
         591   20130.040764891382        2140.2694800892891        22270.310244980672     
         592   20356.574552520869        1913.7179700839679        22270.292522604839     
         593   20571.567359656492        1698.7083434559513        22270.275703112442     
         594   20774.750116521249        1495.5096910322375        22270.259807553488     
         595   20965.868533961115        1304.3763218606734        22270.244855821787     
         596   21144.683421695059        1125.5474449347450        22270.230866629805     
         597   21310.970987668959        959.24686981655054        22270.217857485510     
         598   21464.523118137571        805.68272653259453        22270.205844670167     
         599   21605.147638125178        665.04720509297431        22270.194843218153     
         600   21732.668551938164        537.51631495997628        22270.184866898140     
         601   21846.926263428722        423.24966476709011        22270.175928195811     
         602   21947.777775733997        322.39026256414269        22270.168038298139     
         603   22035.096870241068        235.06433683854968        22270.161207079618     
         604   22108.774264552998        161.38117853667546        22270.155443089672     
         605   22168.717749259122        101.43300428302170        22270.150753542144     
         606   22214.852303337706        55.294840968429227        22270.147144306135     
         607   22247.120188046953        23.024431851732750        22270.144619898685     
         608   22265.481019186802        4.6621642923861071        22270.143183479187     
         609   22269.911817640874       0.23101920450243674        22270.142836845374     
         610   22260.407038135443        9.7365422955690448        22270.143580431013     
         611   22236.978576179692        33.166837125832444        22270.145413305523     
         612   22199.655753177984        70.492579997040323        22270.148333175024     
         613   22148.485279733246        121.66705665190599        22270.152336385152     
         614   22083.531197187498        186.62622073836587        22270.157417925864     
         615   22004.874797471944        265.28877396545943        22270.163571437402     
         616   21912.614521367959        357.55626785051521        22270.170789218475     
         617   21806.865835305514        463.31322693029989        22270.179062235813     
         618   21687.761086853578        582.42729328193707        22270.188380135514     
         619   21555.449339083250        714.74939217270878        22270.198731255958     
         620   21410.096184010923        860.11391863143933        22270.210102642362     
         621   21251.883535355224        1018.3389447079536        22270.222480063177     
         622   21081.009400866442        1189.2264471612175        22270.235848027660     
         623   20897.687634514223        1372.5625552912109        22270.250189805432     
         624   20702.147668842947        1568.1178186043508        22270.265487447297     
         625   20494.634227830378        1775.6474939774898        22270.281721807867     
         626   20275.407020608258        1994.8918519610804        22270.298872569339     
         627   20044.740416428867        2225.5765018381544        22270.316918267021     
         628   19802.923101283861        2467.4127350323488        22270.335836316211     
         629   19550.257716605302        2720.0978864350777        22270.355603040378     
         630   19287.060480501161        2983.3157131998091        22270.376193700969     
         631   19013.660791998918        3256.7367905291571        22270.397582528076     
         632   18730.400818793340        3540.0189239597121        22270.419742753053     
         633   18437.635069013344        3832.8075776283376        22270.442646641681     
         634   18135.729947544893        4134.7363179841750        22270.466265529067     
         635   17825.063297464556        4445.4272723909871        22270.490569855545     
         636   17506.023927157727        4764.4916020457167        22270.515529203443     
         637   17179.011123713793        5091.5299886216562        22270.541112335450     
         638   16844.434153206566        5426.1331340269871        22270.567287233553     
         639   16502.711748485817        5767.8822726532735        22270.594021139092     
         640   16154.271585120929        6116.3496954728862        22270.621280593816     
         641   15799.549746152343        6471.0992853293210        22270.649031481662     
         642   15438.990176321096        6831.6870627505441        22270.677239071640     
         643   15073.044126458844        7197.6617416022973        22270.705868061141     
         644   14702.169588734214        7568.5652938858357        22270.734882620050     
         645   14326.830723462512        7943.9335229734288        22270.764246435941     
         646   13947.497278195158        8323.2966445638504        22270.793922759010     
         647   13564.643999817265        8706.1798746313088        22270.823874448572     
         648   13178.750040387700        9092.1040236314129        22270.854064019113     
         649   12790.298357466698        9480.5860962209463        22270.884453687642     
         650   12399.775109679898        9871.1398957405818        22270.915005420480     
         651   12007.669048277015        10263.276632704265        22270.945680981280     
         652   11614.470905445216        10656.505536533474        22270.976441978688     
         653   11220.672780143403        11050.334469770987        22271.007249914390     
         654   10826.767522226155        11444.270544005260        22271.038066231413     
         655   10433.248115627581        11837.820736734619        22271.068852362201     
         656   10040.607061377616        12230.492508399389        22271.099569777005     
         657   9649.3357612225500        12621.794418809510        22271.130180032058     
         658   9259.9239026214964        13011.236742196323        22271.160644817821     
         659   8872.8588458880822        13398.332080118549        22271.190926006631     
         660   8488.6250142448898        13782.595971455843        22271.220985700733     
         661   8107.7032875536315        14163.547498725939        22271.250786279568     
         662   7730.5704004799145        14540.709889966925        22271.280290446841     
         663   7357.6983458459154        14913.611115431224        22271.309461277138     
         664   6989.5537839175977        15281.784478344798        22271.338262262398     
         665   6626.5974583657280        15644.769198991595        22271.366657357321     
         666   6269.2836196317339        16002.110991392870        22271.394611024603     
         667   5918.0594564199873        16353.362631859476        22271.422088279462     
         668   5573.3645360281243        16698.084518705145        22271.449054733268     
         669   5235.6302542156709        17035.845222421049        22271.475476636719     
         670   4905.2792952997261        17366.222025622297        22271.501320922023     
         671   4582.7251031531287        17688.801452091215        22271.526555244345     
         672   4268.3713637674191        18003.179784254731        22271.551148022150     
         673   3962.6115000280142        18308.963568448838        22271.575068476854     
         674   3665.8281793339843        18605.770107337394        22271.598286671378     
         675   3378.3928346786001        18893.227938868818        22271.620773547420     
         676   3100.6651997901422        19170.977301171861        22271.642500962003     
         677   2832.9928589145893        19438.670582807987        22271.663441722576     
         678   2575.7108118038227        19695.972757817464        22271.683569621287     
         679   2329.1410544536075        19942.561805013796        22271.702859467405     
         680   2093.5921761162499        20178.129111002891        22271.721287119140     
         681   1869.3589730920908        20402.379856421645        22271.738829513735     
         682   1656.7220797833556        20615.033384913044        22271.755464696398     
         683   1455.9476174719987        20815.823554375664        22271.771171847664     
         684   1267.2868612611392        21004.499070048496        22271.785931309634     
         685   1090.9759255969348        21180.823799013426        22271.799724610362     
         686   927.23546876445891        21344.577065722719        22271.812534487177     
         687   776.27041672741541        21495.553928180696        22271.824344908113     
         688   638.26970665729766        21633.565434434742        22271.835141092040     
         689   513.40605047301710        21758.438859054291        22271.844909527310     
         690   401.83571868687824        21870.017919301532        22271.853637988410     
         691   303.69834482748070        21968.162970723915        22271.861315551396     
         692   219.11675068427004        22052.751181923282        22271.867932607551     
         693   148.19679259248866        22123.676688282987        22271.873480875474     
         694   91.027228950877728        22180.850724460499        22271.877953411378     
         695   47.679609137948454        22224.201735479699        22271.881344617646     
         696   18.208183965846324        22253.675466284349        22271.883650250194     
         697   2.6498377838755163        22269.235029639516        22271.884867423392     
         698   1.0240423166579928        22270.860952297295        22271.884994613953     
         699   13.332832294701671        22258.551199367990        22271.884031662692     
         700   39.560802907875768        22232.321176866841        22271.881979774716     
         701   79.675129084980512        22192.203712433096        22271.878841518075     
         702   133.62560657528255        22138.249014245062        22271.874620820345     
         703   201.34471478060090        22070.524608183361        22271.869322963961     
         704   282.74770125930678        21989.115253319866        22271.862954579174     
         705   377.73268779648180        21894.122835839869        22271.855523636350     
         706   486.18079790747521        21785.666241528001        22271.847039435477     
         707   607.95630561530027        21663.881206979433        22271.837512594735     
         708   742.90680531565579        21528.920149721685        22271.826955037341     
         709   890.86340251699153        21380.951977459292        22271.815379976284     
         710   1051.6409252168962        21220.161876681243        22271.802801898139     
         711   1225.0381556502705        21046.751080894501        22271.789236544770     
         712   1410.8380821192295        20860.936618774344        22271.774700893573     
         713   1608.8081705895843        20662.951042546745        22271.759213136331     
         714   1818.7006557139787        20453.042136942480        22271.742792656460     
         715   2040.2528509174533        20231.472609087203        22271.725460004654     
         716   2273.1874771573680        19998.519759715837        22271.707236873204     
         717   2517.2130099462261        19754.475136122761        22271.688146068987     
         718   2772.0240442030622        19499.644167281502        22271.668211484564     
         719   3037.3016764768654        19234.345781591903        22271.647458068768     
         720   3312.7139040635093        18958.912007731509        22271.625911795018     
         721   3597.9160405168691        18673.687559112299        22271.603599629168     
         722   3892.5511470339575        18379.029402461500        22271.580549495458     
         723   4196.2504791742722        18075.306311067667        22271.556790241939     
         724   4508.6339483542215        17762.898403249703        22271.532351603924     
         725   4829.3105975390945        17442.196666627984        22271.507264167078     
         726   5157.8790905372007        17113.602468791873        22271.481559329073     
         727   5493.9282142838410        16777.527054976443        22271.455269260285     
         728   5837.0373934864701        16434.391033377033        22271.428426863502     
         729   6186.7772169869522        16084.623848745749        22271.401065732702     
         730   6542.7099751821543        15728.663244929096        22271.373220111251     
         731   6904.3902078303445        15366.954717018316        22271.344924848661     
         732   7271.3652615576138        14999.950953799680        22271.316215357292     
         733   7643.1758563668773        14628.111271201093        22271.287127567972     
         734   8019.3566604401403        14251.901037444706        22271.257697884845     
         735   8399.4368725149288        13871.791090625180        22271.227963140111     
         736   8782.9408111057091        13488.257149441883        22271.197960547594     
         737   9169.3885098332539        13101.779217823161        22271.167727656415     
         738   9558.2963181165760        12712.840984187364        22271.137302303941     
         739   9949.1775064757167        12321.929216092691        22271.106722568409     
         740   10341.542875687879        11929.533151033340        22271.076026721217     
         741   10734.901369034675        11536.143884144472        22271.045253179145     
         742   11128.760686873757        11142.253753582387        22271.014440456143     
         743   11522.627902766386        10748.355724348943        22270.983627115329     
         744   11916.010080389089        10354.942771331238        22270.952851720329     
         745   12308.414890458058        9962.5072623295218        22270.922152787578     
         746   12699.351226893426        9571.5403418442238        22270.891568737650     
         747   13088.329821453030        9182.5313163943483        22270.861137847380     
         748   13474.863856065809        8795.9670421361079        22270.830898201915     
         749   13858.469572098864        8412.3313155481883        22270.800887647052     
         750   14238.666875795534        8032.1042679463326        22270.771143741866     
         751   14614.979939126772        7655.7617645850150        22270.741703711785     
         752   14986.937795303669        7283.7748090980949        22270.712604401764     
         753   15354.074928206384        6916.6089540241073        22270.683882230493     
         754   15715.931854991029        6554.7237181536211        22270.655573144650     
         755   16072.055701145804        6198.5720114280248        22270.627712573827     
         756   16422.000767276790        5848.5995681095555        22270.600335386345     
         757   16765.329086913731        5505.2443889318274        22270.573475845558     
         758   17101.610974637857        5168.9361929291326        22270.547167566991     
         759   17430.425563845656        4840.0958796305267        22270.521443476184     
         760   17751.361333475874        4519.1350022917431        22270.496335767617     
         761   18064.016623040043        4206.4552528242921        22270.471875864336     
         762   18368.000135312228        3902.4479590663459        22270.448094378575     
         763   18662.931426049156        3607.4935950244239        22270.425021073581     
         764   18948.441380127111        3321.9613046991703        22270.402684826280     
         765   19224.172673500361        3046.2084400907738        22270.381113591135     
         766   19489.780220402594        2780.5801139625387        22270.360334365134     
         767   19744.931605231981        2525.4087679221875        22270.340373154169     
         768   19989.307498578750        2281.0137563614717        22270.321254940223     
         769   20222.602056875487        2047.7009467748069        22270.303003650293     
         770   20444.523305169198        1825.7623369572032        22270.285642126400     
         771   20654.793502536588        1615.4756895604785        22270.269192097065     
         772   20853.149489684696        1417.1041844651804        22270.253674149877     
         773   21039.343018302759        1230.8960894032989        22270.239107706060     
         774   21213.141061752020        1057.0844492439353        22270.225510995955     
         775   21374.326106705372        895.88679433084883        22270.212901036222     
         776   21522.696425371723        747.50486823687584        22270.201293608599     
         777   21658.066327964159        612.12437527595614        22270.190703240114     
         778   21780.266395096180        489.91474808876399        22270.181143184942     
         779   21889.143689814922        381.02893559280807        22270.172625407729     
         780   21984.561949006333        285.60321156239189        22270.165160568726     
         781   22066.401753932412        203.75700407800997        22270.158758010421     
         782   22134.560679687238        135.59274605861498        22270.153425745852     
         783   22188.953423384559        81.195747063827440        22270.149170448385     
         784   22229.511910917241        40.634086526531981        22270.145997443775     
         785   22256.185382153555        13.958528549477919        22270.143910703035     
         786   22268.940454465315        1.2024583725225111        22270.142912837837     
         787   22267.761164506952        2.3818405900281072        22270.143005096979     
         788   22252.648988194389        17.495199170706112        22270.144187365095     
         789   22223.622838857562        46.523619304913232        22270.146458162475     
         790   22180.719043569996        89.430771077088210        22270.149814647084     
         791   22123.991297684643        146.16295493370205        22270.154252618344     
         792   22053.510597632063        216.64916888981770        22270.159766521880     
         793   21969.365152066774        300.80119739014708        22270.166349456922     
         794   21871.660271471301        398.51372171339705        22270.173993184697     
         795   21760.518236357202        509.66445178172046        22270.182688138924     
         796   21636.078144227271        634.11427921032555        22270.192423437598     
         797   21498.495735491000        771.70745140567806        22270.203186896677     
         798   21347.943198550936        922.27176649442185        22270.214965045358     
         799   21184.608954303989        1085.6187888390548        22270.227743143045     
         800   21008.697420326800        1261.5440848706262        22270.241505197428     
         801   20820.428755041696        1449.8274789433272        22270.256233985023     
         802   20620.038582181522        1650.2333288907332        22270.271911072254     
         803   20407.777695899953        1862.5108209388636        22270.288516838817     
         804   20183.911746895159        2086.3942836069409        22270.306030502099     
         805   19948.720909940235        2321.6035202030134        22270.324430143250     
         806   19702.499533236274        2567.8441594982810        22270.343692734554     
         807   19445.555770027033        2824.8080241413172        22270.363794168348     
         808   19178.211192936094        3092.1735163509902        22270.384709287086     
         809   18900.800391509361        3369.6060204054947        22270.406411914857     
         810   18613.670553466560        3656.7583214237084        22270.428874890269     
         811   18317.181030185431        3953.2710399147359        22270.452070100167     
         812   18011.702886963274        4258.7730815518507        22270.475968515126     
         813   17697.618438617650        4572.8821016078846        22270.500540225534     
         814   17375.320771008388        4895.2049834708014        22270.525754479189     
         815   17045.213249079086        5225.3383306406458        22270.551579719733     
         816   16707.709012034145        5562.8689715920209        22270.577983626164     
         817   16363.230456282809        5907.3744768703382        22270.604933153147     
         818   16012.208706797996        6258.4236877745734        22270.632394572567     
         819   15655.083077550678        6615.5772559650604        22270.660333515738     
         820   15292.300521695517        6978.3881933206703        22270.688715016186     
         821   14924.315072196068        7346.4024313575246        22270.717503553591     
         822   14551.587273589328        7719.1593895090573        22270.746663098384     
         823   14174.583605600543        8096.1925515559078        22270.776157156452     
         824   13793.775899330451        8477.0300494846779        22270.805948815127     
         825   13409.640746744793        8861.1952540444890        22270.836000789284     
         826   13022.658904205604        9248.2073712624460        22270.866275468048     
         827   12633.314690790352        9637.5820441713440        22270.896734961694     
         828   12242.095382152856        10028.831958996481        22270.927341149338     
         829   11849.490600683272        10421.467455043161        22270.958055726434     
         830   11455.991702731433        10814.997137521312        22270.988840252743     
         831   11062.091163660121        11208.928492540466        22271.019656200588     
         832   10668.281961497716        11602.768503505184        22271.050465002900     
         833   10275.056959961734        11996.024268139794        22271.081228101528     
         834   9882.9082916255720        12388.203615370036        22271.111906995608     
         835   9492.3267420001957        12778.815721289360        22271.142463289558     
         836   9103.8011353017791        13167.371723439521        22271.172858741302     
         837   8717.8177226738044        13553.385332636264        22271.203055310070     
         838   8334.8595736296811        13936.373441574273        22271.233015203954     
         839   7955.4059714770465        14315.856729450186        22271.262700927233     
         840   7579.9318134807991        14691.360261846618        22271.292075327416     
         841   7208.9070165152843        15062.414085126296        22271.321101641581     
         842   6842.7959289494638        15428.553814592959        22271.349743542421     
         843   6482.0567495016148        15789.321215682123        22271.377965183739     
         844   6127.1409537900208        16144.264777455395        22271.405731245417     
         845   5778.4927292982065        16492.940277679103        22271.433006977310     
         846   5436.5484194612427        16834.911338781843        22271.459758243087     
         847   5101.7359775692421        17169.749973993570        22271.485951562812     
         848   4774.4744311713011        17497.037122983405        22271.511554154706     
         849   4455.1733576502584        17816.363176326104        22271.536533976363     
         850   4144.2323716247120        18127.328488140156        22271.560859764868     
         851   3842.0406248195522        18429.543876256219        22271.584501075769     
         852   3548.9763190313170        18722.631109289974        22271.607428321291     
         853   3265.4062327975189        19006.223380009731        22271.629612807250     
         854   2991.6852623626182        19279.965764406574        22271.651026769192     
         855   2728.1559775150354        19543.515665891849        22271.671643406884     
         856   2475.1481928510279        19796.543244066968        22271.691436917998     
         857   2232.9785550020856        20038.731827528285        22271.710382530371     
         858   2001.9501463424422        20269.778310190581        22271.728456533023     
         859   1782.3521056726308        20489.393530633195        22271.745636305826     
         860   1574.4592663538235        20697.302633993972        22271.761900347796     
         861   1378.5318123458494        20893.245415958092        22271.777228303941     
         862   1194.8149525793874        21076.976648411641        22271.791600991030     
         863   1023.5386140698088        21248.266386351228        22271.805000421038     
         864   864.91715415681620        21406.900255667490        22271.817409824307     
         865   719.14909222996448        21552.679721440105        22271.828813670068     
         866   586.41686127585501        21685.422336410218        22271.839197686073     
         867   466.88657955791797        21804.961969318490        22271.848548876409     
         868   360.70784271455642        21911.149012823284        22271.856855537841     
         869   268.01353653583772        22003.850570738494        22271.864107274330     
         870   188.91967065304422        22082.950624357025        22271.870295010071     
         871   123.52523334923241        22148.350177651744        22271.875411000976     
         872   71.912067672506680        22199.967381171682        22271.879448844189     
         873   34.144769007053014        22237.737634479221        22271.882403486274     
         874   10.270604230130006        22261.613666999223        22271.884271229352     
         875  0.31945255619135182        22271.565597179793        22271.885049735985     
         876   4.3037681421763709        22267.580969889554        22271.884738031731     
         877   22.218564500768871        22249.664772006028        22271.883336506799     
         878   54.041420741131610        22217.839426174036        22271.880846915166     
         879   99.732509629306136        22172.144762743384        22271.877272372691     
         880   159.23464743315901        22112.637969919851        22271.872617353012     
         881   232.47336548949264        22039.393522192488        22271.866887681979     
         882   319.35700340375246        21952.503087126654        22271.860090530405     
         883   419.77682376568674        21852.075410639551        22271.852234405236     
         884   533.60714823739238        21738.236180901171        22271.843329138563     
         885   660.70551484342468        21611.127871032222        22271.833385875645     
         886   800.91285626611841        21470.909560794567        22271.822417060685     
         887   954.05369892298472        21317.756737498534        22271.810436421518     
         888   1119.9363825770204        21151.861076375255        22271.797458952275     
         889   1298.3533002050990        20973.430200689538        22271.783500894635     
         890   1489.0811578242115        20782.687421893312        22271.768579717522     
         891   1691.8812539504181        20579.871460144783        22271.752714095201     
         892   1906.4997783407223        20365.236145543222        22271.735923883945     
         893   2132.6681296440015        20139.050100453274        22271.718230097274     
         894   2370.1032515634438        19901.596403315940        22271.699654879383     
         895   2618.5079871097696        19653.172234368005        22271.680221477774     
         896   2877.5714505018827        19394.088503711999        22271.659954213883     
         897   3146.9694162495066        19124.669462203270        22271.638878452777     
         898   3426.3647249308410        18845.252295640519        22271.617020571361     
         899   3715.4077051574473        18556.186702768035        22271.594407925480     
         900   4013.7366111981901        18257.834457617311        22271.571068815501     
         901   4320.9780757145918        17950.568956736348        22271.547032450941     
         902   4636.7475770409292        17634.774751873192        22271.522328914121     
         903   4960.6499204243828        17310.847068697767        22271.496989122148     
         904   5292.2797326227674        16979.191312165760        22271.471044788526     
         905   5631.2219692409990        16640.222559142385        22271.444528383385     
         906   5977.0524341712826        16294.365038921436        22271.417473092719     
         907   6329.3383104869135        15942.051602290154        22271.389912777067     
         908   6687.6387021253295        15583.723179803639        22271.361881928970     
         909   7051.5051856823557        15219.828229947472        22271.333415629830     
         910   7420.4823716272713        14850.822177878777        22271.304549506051     
         911   7794.1084742360017        14477.166845448399        22271.275319684399     
         912   8171.9158895295614        14099.329873217397        22271.245762746959     
         913   8553.4317804939838        13717.784135191028        22271.215915685010     
         914   8938.1786688497195        13333.007147003296        22271.185815853016     
         915   9325.6750326295969        12945.480468292228        22271.155500921825     
         916   9715.4359088176752        12555.689100013788        22271.125008831463     
         917   10106.973500294614        12164.120877449037        22271.094377743651     
         918   10499.797786329944        11771.265859664150        22271.063645994094     
         919   10893.417135857464        11377.615716187054        22271.032852044518     
         920   11287.338922765710        10983.663111668680        22271.002034434390     
         921   11681.070142434071        10589.901089298832        22270.971231732903     
         922   12074.118028742314        10196.822453748162        22270.940482490478     
         923   12465.990670781983        9804.9191544087444        22270.909825190727     
         924   12856.197628497041        9414.6816697051199        22270.879298202162     
         925   13244.250546484100        9026.5983932460731        22270.848939730175     
         926   13629.663765183321        8641.1550225859573        22270.818787769276     
         927   14011.954928695739        8258.8339513598239        22270.788880055563     
         928   14390.645588465462        7880.1136655539103        22270.759254019373     
         929   14765.261802072375        7505.4681446662144        22270.729946738589     
         930   15135.334726384586        7135.3662685075406        22270.700994892126     
         931   15500.401204329522        6770.2712303845492        22270.672434714070     
         932   15860.004344548341        6410.6399573999088        22270.644301948250     
         933   16213.694093209040        6056.9225385946556        22270.616631803696     
         934   16561.027797261821        5709.5616616486204        22270.589458910443     
         935   16901.570758432299        5368.9920588438008        22270.562817276099     
         936   17234.896777259157        5035.6399629843054        22270.536740243464     
         937   17560.588686495179        4709.9225739535350        22270.511260448715     
         938   17878.238873204282        4392.2475365762975        22270.486409780580     
         939   18187.449788900867        4083.0124304394471        22270.462219340316     
         940   18487.834447093646        3782.6042723093988        22270.438719403046     
         941   18779.016907610243        3491.3990317693538        22270.415939379596     
         942   19060.632747097447        3209.7611606823734        22270.393907779820     
         943   19332.329515107733        2938.0431370692449        22270.372652176979     
         944   19593.767175201028        2676.5850239719393        22270.352199172969     
         945   19844.618530510594        2425.7140438547790        22270.332574365373     
         946   20084.569633239305        2185.7441690759606        22270.313802315264     
         947   20313.320177574358        1956.9757289419995        22270.295906516360     
         948   20530.583875528922        1739.6950338368074        22270.278909365730     
         949   20736.088815239993        1534.1740168959088        22270.262832135901     
         950   20929.577801273739        1340.6698936741609        22270.247694947899     
         951   21110.808676513439        1159.4248402329856        22270.233516746426     
         952   21279.554625225996        990.66569004995517        22270.220315275950     
         953   21435.604456928333        834.60365013006538        22270.208107058399     
         954   21578.762870698727        691.43403667400617        22270.196907372734     
         955   21708.850699601502        561.33603063422788        22270.186730235731     
         956   21825.705134919601        444.47245346474898        22270.177588384351     
         957   21929.179929914542        340.98956334535217        22270.169493259895     
         958   22019.145582858444        251.01687213519651        22270.162454993639     
         959   22095.489499109237        174.66698328494851        22270.156482394184     
         960   22158.116132026178        112.03545091027210        22270.151582936451     
         961   22206.947102549122        63.200660203062725        22270.147762752185     
         962   22241.921297292440        28.223729330090794        22270.145026622529     
         963   22262.994945029885        7.1484329418311097        22270.143377971715     
         964   22270.141671475991        1.1473872091214295E-003   22270.142818863198     
         965   22263.352532293826        6.7908177028300285        22270.143349996655     
         966   22242.636024289426        27.508946418004239        22270.144970707432     
         967   22208.018074777436        62.129604189580085        22270.147678967016     
         968   22159.542009132787        110.60946225327417        22270.151471386060     
         969   22097.268496567383        172.88784665088497        22270.156343218267     
         970   22021.275474200746        248.88681416552376        22270.162288366268     
         971   21931.658049519789        338.51124986982654        22270.169299389614     
         972   21828.528381348799        441.64898616506377        22270.177367513861     
         973   21712.015539479256        558.17094316216583        22270.186482641424     
         974   21582.265343135485        687.93129022897426        22270.196633364460     
         975   21439.440178477522        830.76762850153671        22270.207806979059     
         976   21283.718795370201        986.50119413102561        22270.219989501227     
         977   21115.296083672059        1154.9370820119220        22270.233165683981     
         978   20934.382829325612        1335.8644897114380        22270.247319037051     
         979   20741.205450552163        1529.0569812949284        22270.262431847092     
         980   20536.005714482933        1734.2727707170650        22270.278485199997     
         981   20319.040434580391        1951.2550244241404        22270.295459004530     
         982   20090.581149228670        2179.7321827887663        22270.313332017438     
         983   19850.913781895499        2419.4182999746622        22270.332081870161     
         984   19600.338283290450        2670.0134018062290        22270.351685096677     
         985   19339.168255968008        2931.2038611950029        22270.372117163010     
         986   19067.730561844695        3202.6627906530944        22270.393352497791     
         987   18786.364913121986        3484.0504514024319        22270.415364524419     
         988   18495.423447126410        3775.0146785677848        22270.438125694196     
         989   18195.270285599465        4075.1913219213548        22270.461607520818     
         990   17886.281078988693        4384.2047016274500        22270.485780616145     
         991   17568.842536310025        4701.6680784167547        22270.510614726780     
         992   17243.351941170346        5027.1841376018265        22270.536078772173     
         993   16910.216654555268        5360.3454863280331        22270.562140883303     
         994   16569.853605005035        5700.7351634376028        22270.588768442638     
         995   16222.688766816387        6047.9271613086767        22270.615928125066     
         996   15869.156626923070        6401.4869590163316        22270.643585939401     
         997   15509.699641122985        6760.9720661481642        22270.671707271147     
         998   15144.767680331603        7125.9325765939639        22270.700256925567     
         999   14774.817467555582        7495.9117316163938        22270.729199171976     
        1000   14400.312006290431        7870.4464914978626        22270.758497788294     
